0.00000000	1.00000000
0.00024414	0.99458560
0.00048828	1.01868318
0.00073242	1.04769279
0.00097656	1.02935889
0.00122070	1.02401531
0.00146484	1.00362161
0.00170898	1.01703156
0.00195312	1.02129405
0.00219727	1.01414579
0.00244141	1.06991359
0.00268555	1.06112781
0.00292969	1.08964213
0.00317383	1.09399539
0.00341797	1.09674785
0.00366211	1.11775473
0.00390625	1.08734519
0.00415039	1.13208346
0.00439453	1.11311821
0.00463867	1.06012344
0.00488281	1.03258849
0.00512695	1.00264802
0.00537109	1.01108646
0.00561523	1.00768627
0.00585938	1.02565059
0.00610352	1.03692061
0.00634766	1.03633647
0.00659180	1.04132050
0.00683594	1.05364581
0.00708008	1.02788560
0.00732422	1.03388145
0.00756836	0.98745596
0.00781250	0.98034319
0.00805664	0.99380788
0.00830078	0.96511225
0.00854492	0.95231347
0.00878906	0.95412388
0.00903320	1.01742843
0.00927734	1.03122326
0.00952148	1.00683008
0.00976562	1.04007495
0.01000977	1.02076383
0.01025391	0.98000099
0.01049805	0.98678160
0.01074219	1.02523282
0.01098633	1.04248124
0.01123047	1.05951131
0.01147461	1.05185662
0.01171875	1.08230089
0.01196289	1.05372735
0.01220703	1.07340506
0.01245117	1.02662045
0.01269531	1.01435166
0.01293945	1.03284462
0.01318359	0.94435680
0.01342773	0.91692658
0.01367188	0.91272056
0.01391602	0.95109204
0.01416016	0.98027163
0.01440430	0.95672608
0.01464844	0.92475354
0.01489258	0.91695208
0.01513672	0.93000222
0.01538086	0.91591303
0.01562500	0.85947799
0.01586914	0.83725268
0.01611328	0.80467779
0.01635742	0.82585316
0.01660156	0.78635298
0.01684570	0.78356165
0.01708984	0.79517367
0.01733398	0.84602994
0.01757812	0.83281724
0.01782227	0.87454803
0.01806641	0.88409635
0.01831055	0.85697915
0.01855469	0.91195431
0.01879883	0.92211241
0.01904297	0.91400267
0.01928711	0.91775803
0.01953125	0.84730403
0.01977539	0.86172069
0.02001953	0.87766913
0.02026367	0.86272954
0.02050781	0.81282325
0.02075195	0.81694022
0.02099609	0.83099907
0.02124023	0.84461803
0.02148438	0.80287812
0.02172852	0.77442532
0.02197266	0.76178210
0.02221680	0.68664176
0.02246094	0.67362241
0.02270508	0.63413353
0.02294922	0.63619179
0.02319336	0.60563351
0.02343750	0.57999785
0.02368164	0.57459900
0.02392578	0.58967179
0.02416992	0.59872793
0.02441406	0.58596982
0.02465820	0.58117681
0.02490234	0.57819425
0.02514648	0.49481465
0.02539062	0.51797623
0.02563477	0.51984814
0.02587891	0.53752764
0.02612305	0.54901135
0.02636719	0.51557534
0.02661133	0.56009190
0.02685547	0.61663869
0.02709961	0.64005672
0.02734375	0.64248356
0.02758789	0.62190674
0.02783203	0.58939165
0.02807617	0.64282146
0.02832031	0.61196220
0.02856445	0.63323303
0.02880859	0.65573684
0.02905273	0.67583174
0.02929688	0.67152225
0.02954102	0.64429883
0.02978516	0.59831713
0.03002930	0.59312951
0.03027344	0.57481531
0.03051758	0.58942064
0.03076172	0.58835683
0.03100586	0.62805684
0.03125000	0.61203351
0.03149414	0.65029978
0.03173828	0.60688052
0.03198242	0.62687622
0.03222656	0.63616467
0.03247070	0.67742710
0.03271484	0.70219847
0.03295898	0.69085266
0.03320312	0.73235991
0.03344727	0.69623145
0.03369141	0.74304084
0.03393555	0.74649951
0.03417969	0.76581629
0.03442383	0.75818595
0.03466797	0.78768881
0.03491211	0.72435304
0.03515625	0.68176230
0.03540039	0.69221706
0.03564453	0.68891898
0.03588867	0.70462599
0.03613281	0.71157033
0.03637695	0.68921525
0.03662109	0.68780050
0.03686523	0.64523642
0.03710938	0.59630635
0.03735352	0.59123648
0.03759766	0.59652342
0.03784180	0.60617947
0.03808594	0.63443159
0.03833008	0.68186755
0.03857422	0.66440536
0.03881836	0.62000495
0.03906250	0.54931763
0.03930664	0.52341860
0.03955078	0.55645418
0.03979492	0.58175655
0.04003906	0.58899959
0.04028320	0.59633435
0.04052734	0.60544334
0.04077148	0.58065387
0.04101562	0.57855267
0.04125977	0.59211876
0.04150391	0.58312092
0.04174805	0.53193575
0.04199219	0.50526739
0.04223633	0.51280857
0.04248047	0.51514554
0.04272461	0.48987848
0.04296875	0.54836085
0.04321289	0.53771466
0.04345703	0.58003589
0.04370117	0.61122891
0.04394531	0.60659504
0.04418945	0.58499109
0.04443359	0.61442540
0.04467773	0.59996743
0.04492188	0.64226257
0.04516602	0.63797408
0.04541016	0.66133994
0.04565430	0.63761994
0.04589844	0.67958492
0.04614258	0.66764562
0.04638672	0.68221465
0.04663086	0.64793145
0.04687500	0.60150953
0.04711914	0.58176512
0.04736328	0.58220601
0.04760742	0.58484305
0.04785156	0.58052156
0.04809570	0.54506609
0.04833984	0.52103924
0.04858398	0.52518896
0.04882812	0.54692121
0.04907227	0.52284202
0.04931641	0.53163546
0.04956055	0.53313016
0.04980469	0.54114800
0.05004883	0.52529283
0.05029297	0.54309423
0.05053711	0.52148376
0.05078125	0.50351906
0.05102539	0.48989202
0.05126953	0.46265164
0.05151367	0.49949634
0.05175781	0.51215524
0.05200195	0.49610814
0.05224609	0.49221669
0.05249023	0.52760297
0.05273438	0.59512560
0.05297852	0.55740634
0.05322266	0.54131005
0.05346680	0.58686992
0.05371094	0.59949183
0.05395508	0.59773320
0.05419922	0.58390437
0.05444336	0.55876814
0.05468750	0.55164671
0.05493164	0.50819651
0.05517578	0.51150065
0.05541992	0.49862965
0.05566406	0.48458127
0.05590820	0.55039409
0.05615234	0.55767573
0.05639648	0.58879623
0.05664062	0.53476373
0.05688477	0.50790130
0.05712891	0.48439351
0.05737305	0.53314659
0.05761719	0.55957526
0.05786133	0.53634360
0.05810547	0.53896309
0.05834961	0.47779440
0.05859375	0.49992831
0.05883789	0.49124120
0.05908203	0.44188909
0.05932617	0.44618518
0.05957031	0.44918542
0.05981445	0.40006696
0.06005859	0.38250352
0.06030273	0.33892594
0.06054688	0.31508307
0.06079102	0.34458875
0.06103516	0.38251652
0.06127930	0.34858765
0.06152344	0.32837332
0.06176758	0.31128924
0.06201172	0.28276702
0.06225586	0.25386311
0.06250000	0.26699435
0.06274414	0.28954914
0.06298828	0.34131006
0.06323242	0.41039451
0.06347656	0.41654874
0.06372070	0.39023021
0.06396484	0.40098975
0.06420898	0.35467807
0.06445312	0.33673914
0.06469727	0.31437688
0.06494141	0.29665634
0.06518555	0.25347883
0.06542969	0.21156628
0.06567383	0.18540402
0.06591797	0.17055467
0.06616211	0.24170077
0.06640625	0.20936686
0.06665039	0.15854749
0.06689453	0.12491551
0.06713867	0.14563004
0.06738281	0.15459818
0.06762695	0.14767546
0.06787109	0.14389206
0.06811523	0.13851556
0.06835938	0.13245302
0.06860352	0.09969094
0.06884766	0.14478425
0.06909180	0.11604961
0.06933594	0.10009559
0.06958008	0.13119468
0.06982422	0.15724091
0.07006836	0.08641251
0.07031250	0.07791085
0.07055664	0.05908370
0.07080078	0.04875600
0.07104492	0.02397483
0.07128906	0.04462338
0.07153320	0.04709749
0.07177734	0.02741235
0.07202148	0.00379660
0.07226562	0.01561945
0.07250977	0.06137508
0.07275391	0.09525416
0.07299805	0.09845860
0.07324219	0.14929535
0.07348633	0.15943973
0.07373047	0.12470725
0.07397461	0.14890761
0.07421875	0.11413667
0.07446289	0.12421062
0.07470703	0.11940894
0.07495117	0.13938057
0.07519531	0.14103874
0.07543945	0.19393157
0.07568359	0.13010715
0.07592773	0.14202760
0.07617188	0.22058408
0.07641602	0.21969844
0.07666016	0.21977727
0.07690430	0.19431256
0.07714844	0.19074039
0.07739258	0.22031305
0.07763672	0.20948923
0.07788086	0.23510385
0.07812500	0.24606768
0.07836914	0.22472485
0.07861328	0.32209714
0.07885742	0.32294240
0.07910156	0.35129634
0.07934570	0.34688071
0.07958984	0.32675332
0.07983398	0.27882644
0.08007812	0.27684589
0.08032227	0.23800652
0.08056641	0.21864897
0.08081055	0.24342955
0.08105469	0.23163178
0.08129883	0.25377682
0.08154297	0.22262146
0.08178711	0.15621758
0.08203125	0.18535666
0.08227539	0.14911176
0.08251953	0.12218447
0.08276367	0.08157678
0.08300781	0.06851364
0.08325195	0.12610055
0.08349609	0.10679583
0.08374023	0.13629119
0.08398438	0.14659540
0.08422852	0.14662407
0.08447266	0.16759071
0.08471680	0.20178031
0.08496094	0.20645339
0.08520508	0.20498677
0.08544922	0.24263275
0.08569336	0.25270463
0.08593750	0.27007652
0.08618164	0.25432447
0.08642578	0.24458238
0.08666992	0.24579203
0.08691406	0.26299177
0.08715820	0.26229863
0.08740234	0.24109216
0.08764648	0.25923341
0.08789062	0.26822071
0.08813477	0.29394363
0.08837891	0.28813063
0.08862305	0.26518218
0.08886719	0.26671726
0.08911133	0.31114120
0.08935547	0.28205488
0.08959961	0.33258681
0.08984375	0.32777308
0.09008789	0.30812362
0.09033203	0.30114875
0.09057617	0.32295628
0.09082031	0.29542982
0.09106445	0.30358367
0.09130859	0.35338947
0.09155273	0.33347073
0.09179688	0.38247169
0.09204102	0.39469236
0.09228516	0.37401696
0.09252930	0.40831362
0.09277344	0.34844456
0.09301758	0.41621346
0.09326172	0.42972729
0.09350586	0.40659792
0.09375000	0.37364591
0.09399414	0.39733110
0.09423828	0.44402421
0.09448242	0.43076794
0.09472656	0.44616141
0.09497070	0.43714472
0.09521484	0.44294554
0.09545898	0.47472310
0.09570312	0.44656529
0.09594727	0.49967707
0.09619141	0.52406637
0.09643555	0.52589665
0.09667969	0.54923964
0.09692383	0.53791686
0.09716797	0.46146936
0.09741211	0.47583216
0.09765625	0.43550269
0.09790039	0.45767209
0.09814453	0.50365220
0.09838867	0.53644944
0.09863281	0.53539130
0.09887695	0.53949946
0.09912109	0.53326024
0.09936523	0.51013544
0.09960938	0.52852288
0.09985352	0.49277041
0.10009766	0.45404726
0.10034180	0.41254780
0.10058594	0.47302665
0.10083008	0.41205193
0.10107422	0.45230396
0.10131836	0.41718710
0.10156250	0.41051013
0.10180664	0.37983050
0.10205078	0.35376776
0.10229492	0.30538860
0.10253906	0.30548439
0.10278320	0.24483247
0.10302734	0.22408976
0.10327148	0.23766396
0.10351562	0.29457838
0.10375977	0.27649270
0.10400391	0.28176458
0.10424805	0.25954234
0.10449219	0.27276337
0.10473633	0.28394828
0.10498047	0.28064155
0.10522461	0.28792337
0.10546875	0.24049438
0.10571289	0.24449554
0.10595703	0.17756588
0.10620117	0.25137939
0.10644531	0.29109957
0.10668945	0.27463328
0.10693359	0.30273285
0.10717773	0.29628580
0.10742188	0.26414948
0.10766602	0.21619483
0.10791016	0.18891086
0.10815430	0.16321552
0.10839844	0.15029016
0.10864258	0.16871975
0.10888672	0.21840552
0.10913086	0.21217085
0.10937500	0.18393596
0.10961914	0.16003111
0.10986328	0.19657555
0.11010742	0.15900376
0.11035156	0.14682052
0.11059570	0.19479569
0.11083984	0.23379436
0.11108398	0.22339811
0.11132812	0.23268922
0.11157227	0.21454554
0.11181641	0.17643255
0.11206055	0.14871647
0.11230469	0.16236638
0.11254883	0.17926247
0.11279297	0.18183199
0.11303711	0.20465386
0.11328125	0.24905180
0.11352539	0.23792149
0.11376953	0.27170357
0.11401367	0.29563192
0.11425781	0.29769900
0.11450195	0.28312109
0.11474609	0.30296376
0.11499023	0.31362263
0.11523438	0.27201336
0.11547852	0.27395787
0.11572266	0.19314959
0.11596680	0.21685528
0.11621094	0.26717081
0.11645508	0.27874792
0.11669922	0.28023804
0.11694336	0.25784736
0.11718750	0.26588831
0.11743164	0.25262253
0.11767578	0.28357403
0.11791992	0.32950185
0.11816406	0.32640977
0.11840820	0.27325857
0.11865234	0.29109915
0.11889648	0.30856995
0.11914062	0.32343273
0.11938477	0.30189272
0.11962891	0.28956953
0.11987305	0.27935698
0.12011719	0.24942494
0.12036133	0.21427237
0.12060547	0.17983924
0.12084961	0.18193019
0.12109375	0.13424712
0.12133789	0.15874922
0.12158203	0.18954829
0.12182617	0.21158114
0.12207031	0.19744336
0.12231445	0.18490479
0.12255859	0.20410903
0.12280273	0.21002782
0.12304688	0.18356354
0.12329102	0.17495958
0.12353516	0.19634535
0.12377930	0.19744956
0.12402344	0.22814592
0.12426758	0.20967664
0.12451172	0.26279458
0.12475586	0.29764571
0.12500000	0.30146013
0.12524414	0.24765840
0.12548828	0.22798100
0.12573242	0.26920194
0.12597656	0.26985482
0.12622070	0.23111152
0.12646484	0.24005327
0.12670898	0.27790303
0.12695312	0.25014893
0.12719727	0.26565308
0.12744141	0.26899906
0.12768555	0.27322461
0.12792969	0.23366219
0.12817383	0.24334272
0.12841797	0.23198804
0.12866211	0.26221273
0.12890625	0.26966242
0.12915039	0.30837393
0.12939453	0.32963822
0.12963867	0.35256051
0.12988281	0.36570390
0.13012695	0.36560831
0.13037109	0.35541631
0.13061523	0.35571275
0.13085938	0.37110991
0.13110352	0.39316131
0.13134766	0.47105998
0.13159180	0.44999048
0.13183594	0.45467492
0.13208008	0.37123383
0.13232422	0.35238897
0.13256836	0.39455536
0.13281250	0.38844053
0.13305664	0.36497745
0.13330078	0.35350176
0.13354492	0.40067410
0.13378906	0.43941942
0.13403320	0.44896108
0.13427734	0.44041558
0.13452148	0.45307880
0.13476562	0.42630468
0.13500977	0.46080838
0.13525391	0.42483070
0.13549805	0.43951187
0.13574219	0.43439353
0.13598633	0.40282085
0.13623047	0.42725473
0.13647461	0.40743238
0.13671875	0.42287666
0.13696289	0.41896058
0.13720703	0.34545227
0.13745117	0.38706446
0.13769531	0.35703025
0.13793945	0.33491945
0.13818359	0.31445527
0.13842773	0.31463084
0.13867188	0.33694342
0.13891602	0.34390402
0.13916016	0.36314854
0.13940430	0.33948494
0.13964844	0.35958669
0.13989258	0.37212737
0.14013672	0.39426061
0.14038086	0.41156305
0.14062500	0.39118078
0.14086914	0.36760636
0.14111328	0.28701092
0.14135742	0.27357088
0.14160156	0.23000323
0.14184570	0.24726443
0.14208984	0.28832757
0.14233398	0.29343924
0.14257812	0.27109191
0.14282227	0.33730457
0.14306641	0.32330341
0.14331055	0.31040458
0.14355469	0.33776999
0.14379883	0.36341970
0.14404297	0.33299980
0.14428711	0.34776601
0.14453125	0.32758537
0.14477539	0.36834152
0.14501953	0.30033272
0.14526367	0.24701409
0.14550781	0.22900360
0.14575195	0.20872444
0.14599609	0.15871782
0.14624023	0.15397652
0.14648438	0.17874353
0.14672852	0.16251790
0.14697266	0.16297658
0.14721680	0.17057529
0.14746094	0.13377782
0.14770508	0.13142490
0.14794922	0.12986200
0.14819336	0.16625869
0.14843750	0.22546824
0.14868164	0.22723270
0.14892578	0.17875828
0.14916992	0.18151855
0.14941406	0.16570244
0.14965820	0.14518413
0.14990234	0.14363190
0.15014648	0.14675872
0.15039062	0.13171802
0.15063477	0.13804210
0.15087891	0.12718319
0.15112305	0.14575309
0.15136719	0.08811363
0.15161133	0.13828864
0.15185547	0.14640817
0.15209961	0.11417123
0.15234375	0.11687538
0.15258789	0.15403941
0.15283203	0.17882837
0.15307617	0.20189811
0.15332031	0.21560927
0.15356445	0.21038684
0.15380859	0.25163777
0.15405273	0.26429783
0.15429688	0.24594301
0.15454102	0.25169504
0.15478516	0.24259751
0.15502930	0.25687361
0.15527344	0.18992142
0.15551758	0.17758679
0.15576172	0.19975965
0.15600586	0.19828041
0.15625000	0.21449623
0.15649414	0.24839062
0.15673828	0.24350696
0.15698242	0.19569962
0.15722656	0.18069141
0.15747070	0.16291541
0.15771484	0.16904963
0.15795898	0.12049518
0.15820312	0.07061285
0.15844727	0.08490946
0.15869141	0.05360934
0.15893555	0.00569229
0.15917969	-0.00758953
0.15942383	0.04031346
0.15966797	0.04608270
0.15991211	0.04869011
0.16015625	0.00385510
0.16040039	-0.04592647
0.16064453	-0.06064213
0.16088867	-0.04127089
0.16113281	-0.04796487
0.16137695	-0.03699822
0.16162109	-0.07652964
0.16186523	-0.07041884
0.16210938	-0.03630300
0.16235352	-0.05751246
0.16259766	-0.02262686
0.16284180	0.00445309
0.16308594	0.01822649
0.16333008	0.01941266
0.16357422	0.00633124
0.16381836	-0.01334226
0.16406250	-0.03313186
0.16430664	-0.06401355
0.16455078	-0.08502042
0.16479492	-0.13886015
0.16503906	-0.14710729
0.16528320	-0.08252013
0.16552734	-0.16056438
0.16577148	-0.17964273
0.16601562	-0.17320478
0.16625977	-0.17234824
0.16650391	-0.13962300
0.16674805	-0.10570374
0.16699219	-0.08282734
0.16723633	-0.09015546
0.16748047	-0.05679143
0.16772461	-0.04793028
0.16796875	-0.04202220
0.16821289	-0.08164370
0.16845703	-0.03771929
0.16870117	-0.04126988
0.16894531	-0.07955945
0.16918945	-0.04588619
0.16943359	-0.07589340
0.16967773	-0.07260147
0.16992188	-0.07917086
0.17016602	-0.09703273
0.17041016	-0.14617481
0.17065430	-0.10569305
0.17089844	-0.08093947
0.17114258	-0.10680761
0.17138672	-0.13850071
0.17163086	-0.10446348
0.17187500	-0.13880526
0.17211914	-0.13030418
0.17236328	-0.11022124
0.17260742	-0.16173270
0.17285156	-0.10733406
0.17309570	-0.09640765
0.17333984	-0.14964744
0.17358398	-0.11878183
0.17382812	-0.10054388
0.17407227	-0.07829919
0.17431641	-0.06365985
0.17456055	-0.10784486
0.17480469	-0.14158145
0.17504883	-0.12724044
0.17529297	-0.17603267
0.17553711	-0.20952638
0.17578125	-0.20719694
0.17602539	-0.22133923
0.17626953	-0.26815463
0.17651367	-0.26167840
0.17675781	-0.29116186
0.17700195	-0.29651941
0.17724609	-0.32659345
0.17749023	-0.33173280
0.17773438	-0.30129731
0.17797852	-0.29666807
0.17822266	-0.31037750
0.17846680	-0.25662351
0.17871094	-0.24106487
0.17895508	-0.20678488
0.17919922	-0.20065529
0.17944336	-0.17895595
0.17968750	-0.19719069
0.17993164	-0.16157341
0.18017578	-0.13478479
0.18041992	-0.09907093
0.18066406	-0.07026757
0.18090820	-0.02764747
0.18115234	-0.02289234
0.18139648	-0.05046057
0.18164062	-0.04978170
0.18188477	-0.03530137
0.18212891	-0.03326575
0.18237305	-0.03731019
0.18261719	-0.00322924
0.18286133	0.03237113
0.18310547	0.06099204
0.18334961	0.06555772
0.18359375	0.08314390
0.18383789	0.08652756
0.18408203	0.07738935
0.18432617	0.12239855
0.18457031	0.12121786
0.18481445	0.07152887
0.18505859	0.08433351
0.18530273	0.09360543
0.18554688	0.12529578
0.18579102	0.11379621
0.18603516	0.11039271
0.18627930	0.11248599
0.18652344	0.14865326
0.18676758	0.10325639
0.18701172	0.09566018
0.18725586	0.07468850
0.18750000	0.02613339
0.18774414	0.02595112
0.18798828	-0.01348260
0.18823242	-0.04251627
0.18847656	-0.06359119
0.18872070	-0.04619324
0.18896484	-0.05055136
0.18920898	-0.05130594
0.18945312	-0.00763462
0.18969727	-0.02813187
0.18994141	-0.05808989
0.19018555	-0.03258148
0.19042969	0.01354403
0.19067383	0.02609291
0.19091797	0.03784499
0.19116211	0.01414669
0.19140625	0.01090700
0.19165039	0.02236797
0.19189453	0.02118608
0.19213867	0.00184967
0.19238281	0.03731717
0.19262695	0.07872015
0.19287109	0.11636174
0.19311523	0.14832133
0.19335938	0.07555111
0.19360352	0.03614118
0.19384766	0.06015441
0.19409180	0.02547434
0.19433594	0.10304127
0.19458008	0.10700939
0.19482422	0.09243627
0.19506836	0.05661839
0.19531250	0.05558410
0.19555664	0.04823548
0.19580078	0.05757822
0.19604492	0.05568330
0.19628906	0.03551682
0.19653320	-0.02670027
0.19677734	-0.05162374
0.19702148	-0.03565783
0.19726562	0.00607639
0.19750977	0.00674005
0.19775391	0.00608120
0.19799805	0.03083618
0.19824219	0.06165739
0.19848633	0.06940308
0.19873047	0.09625787
0.19897461	0.07065190
0.19921875	0.13203320
0.19946289	0.10032353
0.19970703	0.09415089
0.19995117	0.07453892
0.20019531	0.08202858
0.20043945	0.05313540
0.20068359	0.03782269
0.20092773	0.05964590
0.20117188	0.05857552
0.20141602	0.06166034
0.20166016	0.07062089
0.20190430	0.06812714
0.20214844	0.07828102
0.20239258	0.08433464
0.20263672	0.11530100
0.20288086	0.10738480
0.20312500	0.13706404
0.20336914	0.13326238
0.20361328	0.10580348
0.20385742	0.11943091
0.20410156	0.10308386
0.20434570	0.07281494
0.20458984	0.07229111
0.20483398	0.12589102
0.20507812	0.10645605
0.20532227	0.11983266
0.20556641	0.15672025
0.20581055	0.16939101
0.20605469	0.13036897
0.20629883	0.15558264
0.20654297	0.17073755
0.20678711	0.18881485
0.20703125	0.22276664
0.20727539	0.17010002
0.20751953	0.15939640
0.20776367	0.12179245
0.20800781	0.13890524
0.20825195	0.17733598
0.20849609	0.17488390
0.20874023	0.18924291
0.20898438	0.14406073
0.20922852	0.11773262
0.20947266	0.13460400
0.20971680	0.10690775
0.20996094	0.08123631
0.21020508	0.06766360
0.21044922	0.03690247
0.21069336	0.01224326
0.21093750	0.03064778
0.21118164	0.05795598
0.21142578	0.10591846
0.21166992	0.10310160
0.21191406	0.14771540
0.21215820	0.07900103
0.21240234	0.09595962
0.21264648	0.13212716
0.21289062	0.14294462
0.21313477	0.15222279
0.21337891	0.19139787
0.21362305	0.20244485
0.21386719	0.22500900
0.21411133	0.26731979
0.21435547	0.29191019
0.21459961	0.28148120
0.21484375	0.32089661
0.21508789	0.34559931
0.21533203	0.35158425
0.21557617	0.34655831
0.21582031	0.35585942
0.21606445	0.32288319
0.21630859	0.32803528
0.21655273	0.24192217
0.21679688	0.21448216
0.21704102	0.21027962
0.21728516	0.14346101
0.21752930	0.18845499
0.21777344	0.19586652
0.21801758	0.22771371
0.21826172	0.24584061
0.21850586	0.29869778
0.21875000	0.30660698
0.21899414	0.34038981
0.21923828	0.37636992
0.21948242	0.31332788
0.21972656	0.30369111
0.21997070	0.29826593
0.22021484	0.27722637
0.22045898	0.29056655
0.22070312	0.26478628
0.22094727	0.25857077
0.22119141	0.28740759
0.22143555	0.31860994
0.22167969	0.31639685
0.22192383	0.33507993
0.22216797	0.31203853
0.22241211	0.36654515
0.22265625	0.29458362
0.22290039	0.30386344
0.22314453	0.30673739
0.22338867	0.31639103
0.22363281	0.32467207
0.22387695	0.29197510
0.22412109	0.27981874
0.22436523	0.34461380
0.22460938	0.37972515
0.22485352	0.35136311
0.22509766	0.35391553
0.22534180	0.32702046
0.22558594	0.29407645
0.22583008	0.31930742
0.22607422	0.31138887
0.22631836	0.25121235
0.22656250	0.24401150
0.22680664	0.29788408
0.22705078	0.30275268
0.22729492	0.28613010
0.22753906	0.27963417
0.22778320	0.27960219
0.22802734	0.24962895
0.22827148	0.20532307
0.22851562	0.23066377
0.22875977	0.19116741
0.22900391	0.19418797
0.22924805	0.14171059
0.22949219	0.13769574
0.22973633	0.17151004
0.22998047	0.18431232
0.23022461	0.16478108
0.23046875	0.15317804
0.23071289	0.14361091
0.23095703	0.08942342
0.23120117	0.13702619
0.23144531	0.10766236
0.23168945	0.10822129
0.23193359	0.08712734
0.23217773	-0.00590272
0.23242188	-0.00884637
0.23266602	0.02590240
0.23291016	0.05880721
0.23315430	0.02108819
0.23339844	0.01344856
0.23364258	0.04473868
0.23388672	0.08653416
0.23413086	0.05586976
0.23437500	0.05900926
0.23461914	0.05067251
0.23486328	0.04974697
0.23510742	0.00173828
0.23535156	-0.03652093
0.23559570	-0.09006806
0.23583984	-0.05352076
0.23608398	-0.05031159
0.23632812	-0.02725079
0.23657227	-0.05134821
0.23681641	-0.05527119
0.23706055	-0.03764472
0.23730469	-0.05470333
0.23754883	-0.03472699
0.23779297	-0.06817350
0.23803711	-0.09983947
0.23828125	-0.13422454
0.23852539	-0.16685002
0.23876953	-0.18718151
0.23901367	-0.25861307
0.23925781	-0.26172799
0.23950195	-0.30579709
0.23974609	-0.26917445
0.23999023	-0.32255281
0.24023438	-0.30325613
0.24047852	-0.27198901
0.24072266	-0.24960895
0.24096680	-0.31892890
0.24121094	-0.27675619
0.24145508	-0.29671950
0.24169922	-0.35538638
0.24194336	-0.31810738
0.24218750	-0.29634392
0.24243164	-0.32814985
0.24267578	-0.25445864
0.24291992	-0.27147054
0.24316406	-0.28117326
0.24340820	-0.30497609
0.24365234	-0.34050705
0.24389648	-0.38338571
0.24414062	-0.42198639
0.24438477	-0.42818770
0.24462891	-0.41827276
0.24487305	-0.43606587
0.24511719	-0.44912439
0.24536133	-0.47690784
0.24560547	-0.49096518
0.24584961	-0.48387401
0.24609375	-0.48210798
0.24633789	-0.48727842
0.24658203	-0.50486915
0.24682617	-0.45475087
0.24707031	-0.46081083
0.24731445	-0.43522247
0.24755859	-0.46521981
0.24780273	-0.47225089
0.24804688	-0.46868615
0.24829102	-0.47856958
0.24853516	-0.47865076
0.24877930	-0.45990087
0.24902344	-0.47685712
0.24926758	-0.48669197
0.24951172	-0.45661342
0.24975586	-0.44471230
0.25000000	-0.47757053
0.25024414	-0.47465405
0.25048828	-0.46898668
0.25073242	-0.43704564
0.25097656	-0.46315023
0.25122070	-0.46396376
0.25146484	-0.42032353
0.25170898	-0.41994491
0.25195312	-0.40617064
0.25219727	-0.41954943
0.25244141	-0.44499536
0.25268555	-0.45346031
0.25292969	-0.40093278
0.25317383	-0.43060252
0.25341797	-0.43384777
0.25366211	-0.37000339
0.25390625	-0.38477209
0.25415039	-0.41314719
0.25439453	-0.45953920
0.25463867	-0.48949404
0.25488281	-0.45329376
0.25512695	-0.43973629
0.25537109	-0.47427829
0.25561523	-0.47138950
0.25585938	-0.47256647
0.25610352	-0.47436715
0.25634766	-0.44106855
0.25659180	-0.43348957
0.25683594	-0.41531302
0.25708008	-0.39775708
0.25732422	-0.40401833
0.25756836	-0.43163019
0.25781250	-0.40760952
0.25805664	-0.36719066
0.25830078	-0.39459051
0.25854492	-0.40303328
0.25878906	-0.41552025
0.25903320	-0.39950636
0.25927734	-0.40268224
0.25952148	-0.38614083
0.25976562	-0.33252438
0.26000977	-0.29042260
0.26025391	-0.33497952
0.26049805	-0.38086364
0.26074219	-0.35958636
0.26098633	-0.37329292
0.26123047	-0.34341474
0.26147461	-0.33869040
0.26171875	-0.35339210
0.26196289	-0.38196813
0.26220703	-0.38438716
0.26245117	-0.38612294
0.26269531	-0.37624336
0.26293945	-0.36977963
0.26318359	-0.36946865
0.26342773	-0.36579085
0.26367188	-0.33081012
0.26391602	-0.32148258
0.26416016	-0.30099139
0.26440430	-0.31206147
0.26464844	-0.32000915
0.26489258	-0.29251433
0.26513672	-0.31532881
0.26538086	-0.35385137
0.26562500	-0.36417286
0.26586914	-0.34956461
0.26611328	-0.33849963
0.26635742	-0.27877594
0.26660156	-0.24178141
0.26684570	-0.24199247
0.26708984	-0.26930102
0.26733398	-0.21232479
0.26757812	-0.24519927
0.26782227	-0.25612219
0.26806641	-0.27405897
0.26831055	-0.27421550
0.26855469	-0.27882711
0.26879883	-0.27418004
0.26904297	-0.25917038
0.26928711	-0.23851942
0.26953125	-0.22220050
0.26977539	-0.17100384
0.27001953	-0.18018133
0.27026367	-0.15533047
0.27050781	-0.10571101
0.27075195	-0.11830681
0.27099609	-0.18278316
0.27124023	-0.21630639
0.27148438	-0.22495698
0.27172852	-0.22794119
0.27197266	-0.22490331
0.27221680	-0.23183817
0.27246094	-0.18223609
0.27270508	-0.21233829
0.27294922	-0.22911903
0.27319336	-0.21010340
0.27343750	-0.18249489
0.27368164	-0.16279913
0.27392578	-0.16150157
0.27416992	-0.15794409
0.27441406	-0.14008485
0.27465820	-0.16641667
0.27490234	-0.14777395
0.27514648	-0.18502256
0.27539062	-0.16011555
0.27563477	-0.20152172
0.27587891	-0.24250538
0.27612305	-0.23955844
0.27636719	-0.29377678
0.27661133	-0.24133254
0.27685547	-0.24862580
0.27709961	-0.27652597
0.27734375	-0.24109835
0.27758789	-0.20770400
0.27783203	-0.20686952
0.27807617	-0.10297736
0.27832031	-0.07666552
0.27856445	-0.05392095
0.27880859	-0.07677251
0.27905273	-0.04475343
0.27929688	0.02364350
0.27954102	0.01642433
0.27978516	0.03150512
0.28002930	0.02273376
0.28027344	0.02844157
0.28051758	0.04796148
0.28076172	0.02125852
0.28100586	0.05104410
0.28125000	0.01374428
0.28149414	0.00172083
0.28173828	0.00590955
0.28198242	0.03414032
0.28222656	0.09735852
0.28247070	0.07516193
0.28271484	0.09513387
0.28295898	0.07939203
0.28320312	0.07187813
0.28344727	0.13073726
0.28369141	0.16579827
0.28393555	0.14715561
0.28417969	0.13763036
0.28442383	0.15652232
0.28466797	0.12509849
0.28491211	0.14028754
0.28515625	0.13918279
0.28540039	0.20654104
0.28564453	0.21095308
0.28588867	0.20120426
0.28613281	0.24956458
0.28637695	0.24944173
0.28662109	0.23980669
0.28686523	0.22533562
0.28710938	0.21447325
0.28735352	0.23788584
0.28759766	0.23587163
0.28784180	0.23831028
0.28808594	0.22538391
0.28833008	0.23412494
0.28857422	0.23376597
0.28881836	0.24602159
0.28906250	0.25187293
0.28930664	0.27210028
0.28955078	0.26536616
0.28979492	0.28189382
0.29003906	0.25530857
0.29028320	0.24736521
0.29052734	0.27896771
0.29077148	0.25385458
0.29101562	0.26957418
0.29125977	0.22262283
0.29150391	0.21784580
0.29174805	0.19723674
0.29199219	0.20314931
0.29223633	0.27578310
0.29248047	0.24194423
0.29272461	0.23128840
0.29296875	0.24343996
0.29321289	0.20041727
0.29345703	0.22091310
0.29370117	0.21210237
0.29394531	0.16072466
0.29418945	0.15408397
0.29443359	0.12812300
0.29467773	0.13230534
0.29492188	0.11916869
0.29516602	0.07235888
0.29541016	0.09920823
0.29565430	0.10322823
0.29589844	0.10552791
0.29614258	0.08543704
0.29638672	0.11486849
0.29663086	0.14767695
0.29687500	0.14514685
0.29711914	0.12608293
0.29736328	0.06765548
0.29760742	0.02163635
0.29785156	0.04250595
0.29809570	0.03259681
0.29833984	0.02833753
0.29858398	0.01777736
0.29882812	0.02233896
0.29907227	0.02007672
0.29931641	0.02917468
0.29956055	0.04115516
0.29980469	0.01134132
0.30004883	0.02187789
0.30029297	0.01756321
0.30053711	0.03738132
0.30078125	0.08859099
0.30102539	0.07143207
0.30126953	0.01627577
0.30151367	0.01912893
0.30175781	0.00843165
0.30200195	0.04319364
0.30224609	0.02416055
0.30249023	0.01515134
0.30273438	0.02973568
0.30297852	0.00095786
0.30322266	0.00178130
0.30346680	0.00166961
0.30371094	0.03608478
0.30395508	0.00299961
0.30419922	0.01664021
0.30444336	-0.00070641
0.30468750	-0.00840808
0.30493164	-0.01642377
0.30517578	-0.03904356
0.30541992	-0.03631920
0.30566406	-0.02823498
0.30590820	-0.01193219
0.30615234	-0.01314825
0.30639648	-0.03974660
0.30664062	-0.02264506
0.30688477	-0.01355641
0.30712891	-0.07276592
0.30737305	-0.07004298
0.30761719	-0.05950648
0.30786133	-0.09230663
0.30810547	-0.10458267
0.30834961	-0.10246304
0.30859375	-0.08530317
0.30883789	-0.09400998
0.30908203	-0.09138951
0.30932617	-0.08716088
0.30957031	-0.09435376
0.30981445	-0.07072949
0.31005859	-0.08957656
0.31030273	-0.11063872
0.31054688	-0.14503438
0.31079102	-0.11728654
0.31103516	-0.11558807
0.31127930	-0.12234383
0.31152344	-0.13678838
0.31176758	-0.15819040
0.31201172	-0.13834997
0.31225586	-0.15415187
0.31250000	-0.13784313
0.31274414	-0.15208198
0.31298828	-0.16443480
0.31323242	-0.14251161
0.31347656	-0.15014690
0.31372070	-0.17667863
0.31396484	-0.17471561
0.31420898	-0.16643934
0.31445312	-0.14462468
0.31469727	-0.11567140
0.31494141	-0.03712773
0.31518555	-0.02890909
0.31542969	-0.02679751
0.31567383	-0.06199622
0.31591797	-0.02502497
0.31616211	-0.07193695
0.31640625	-0.03093276
0.31665039	-0.08662005
0.31689453	-0.11242503
0.31713867	-0.12592582
0.31738281	-0.13988392
0.31762695	-0.12085011
0.31787109	-0.11230914
0.31811523	-0.11187679
0.31835938	-0.12916227
0.31860352	-0.12429717
0.31884766	-0.12729288
0.31909180	-0.09934134
0.31933594	-0.07024631
0.31958008	-0.10848232
0.31982422	-0.13798970
0.32006836	-0.11947557
0.32031250	-0.12986346
0.32055664	-0.18108660
0.32080078	-0.14193848
0.32104492	-0.08219502
0.32128906	-0.08455487
0.32153320	-0.09719115
0.32177734	-0.13003351
0.32202148	-0.09236691
0.32226562	-0.09166565
0.32250977	-0.11253458
0.32275391	-0.11978269
0.32299805	-0.09921569
0.32324219	-0.11083697
0.32348633	-0.08426321
0.32373047	-0.02533461
0.32397461	-0.00736078
0.32421875	0.01119090
0.32446289	-0.02145480
0.32470703	-0.03548330
0.32495117	-0.04976265
0.32519531	-0.04351280
0.32543945	-0.02449370
0.32568359	-0.09405062
0.32592773	-0.09921812
0.32617188	-0.15187453
0.32641602	-0.14738519
0.32666016	-0.13498505
0.32690430	-0.10111708
0.32714844	-0.10925686
0.32739258	-0.10499899
0.32763672	-0.14072394
0.32788086	-0.13485618
0.32812500	-0.12909425
0.32836914	-0.11655042
0.32861328	-0.10211243
0.32885742	-0.10889452
0.32910156	-0.09475114
0.32934570	-0.09837369
0.32958984	-0.10565610
0.32983398	-0.14407484
0.33007812	-0.18042356
0.33032227	-0.18399304
0.33056641	-0.17885297
0.33081055	-0.18417864
0.33105469	-0.20849838
0.33129883	-0.23246215
0.33154297	-0.22721805
0.33178711	-0.21368222
0.33203125	-0.15480273
0.33227539	-0.16801752
0.33251953	-0.09822835
0.33276367	-0.08073584
0.33300781	-0.07092169
0.33325195	-0.10824086
0.33349609	-0.11911286
0.33374023	-0.09441105
0.33398438	-0.09548968
0.33422852	-0.06140703
0.33447266	0.00089071
0.33471680	-0.00443595
0.33496094	-0.02007566
0.33520508	-0.01370785
0.33544922	0.00615480
0.33569336	-0.02480942
0.33593750	-0.00725470
0.33618164	0.01269887
0.33642578	0.00087400
0.33666992	-0.04553536
0.33691406	-0.08749736
0.33715820	-0.10608310
0.33740234	-0.09876998
0.33764648	-0.12261975
0.33789062	-0.16279564
0.33813477	-0.20292869
0.33837891	-0.21524741
0.33862305	-0.19268676
0.33886719	-0.15831564
0.33911133	-0.18620114
0.33935547	-0.16511865
0.33959961	-0.13840039
0.33984375	-0.15117198
0.34008789	-0.15501068
0.34033203	-0.16894261
0.34057617	-0.16424942
0.34082031	-0.19781433
0.34106445	-0.23328204
0.34130859	-0.20045274
0.34155273	-0.23761035
0.34179688	-0.23617814
0.34204102	-0.24764437
0.34228516	-0.23395250
0.34252930	-0.23556639
0.34277344	-0.24754754
0.34301758	-0.18918118
0.34326172	-0.20604053
0.34350586	-0.20087295
0.34375000	-0.18702172
0.34399414	-0.20638731
0.34423828	-0.16269230
0.34448242	-0.17691251
0.34472656	-0.21521106
0.34497070	-0.25321739
0.34521484	-0.22529346
0.34545898	-0.20722466
0.34570312	-0.18969785
0.34594727	-0.16351137
0.34619141	-0.11596602
0.34643555	-0.11191045
0.34667969	-0.11171437
0.34692383	-0.11924334
0.34716797	-0.11739661
0.34741211	-0.13950386
0.34765625	-0.15410754
0.34790039	-0.16125370
0.34814453	-0.21739033
0.34838867	-0.21595695
0.34863281	-0.20844750
0.34887695	-0.20653246
0.34912109	-0.24395712
0.34936523	-0.23244478
0.34960938	-0.21292809
0.34985352	-0.21592460
0.35009766	-0.18383600
0.35034180	-0.21933972
0.35058594	-0.20787534
0.35083008	-0.19856196
0.35107422	-0.22714536
0.35131836	-0.21506328
0.35156250	-0.16552844
0.35180664	-0.12080367
0.35205078	-0.11058949
0.35229492	-0.19366231
0.35253906	-0.20373418
0.35278320	-0.16730848
0.35302734	-0.21746256
0.35327148	-0.20516377
0.35351562	-0.17754445
0.35375977	-0.21799502
0.35400391	-0.23250784
0.35424805	-0.20727730
0.35449219	-0.25332805
0.35473633	-0.22711209
0.35498047	-0.25702213
0.35522461	-0.29150654
0.35546875	-0.26945637
0.35571289	-0.25185227
0.35595703	-0.26833792
0.35620117	-0.26593246
0.35644531	-0.26398032
0.35668945	-0.28084417
0.35693359	-0.32731299
0.35717773	-0.31116573
0.35742188	-0.32402681
0.35766602	-0.25185958
0.35791016	-0.26363689
0.35815430	-0.25602597
0.35839844	-0.25421337
0.35864258	-0.24081702
0.35888672	-0.28920056
0.35913086	-0.24798458
0.35937500	-0.21368509
0.35961914	-0.28546627
0.35986328	-0.25872322
0.36010742	-0.25434603
0.36035156	-0.26365373
0.36059570	-0.23194827
0.36083984	-0.15902831
0.36108398	-0.17528299
0.36132812	-0.18808088
0.36157227	-0.16650623
0.36181641	-0.17447973
0.36206055	-0.15737415
0.36230469	-0.16661711
0.36254883	-0.12808582
0.36279297	-0.14118752
0.36303711	-0.14507152
0.36328125	-0.17199837
0.36352539	-0.18517199
0.36376953	-0.15457414
0.36401367	-0.19611577
0.36425781	-0.18932970
0.36450195	-0.18135400
0.36474609	-0.17745357
0.36499023	-0.13764661
0.36523438	-0.11347332
0.36547852	-0.10766464
0.36572266	-0.13559497
0.36596680	-0.14436073
0.36621094	-0.19118704
0.36645508	-0.22167357
0.36669922	-0.20509375
0.36694336	-0.23788151
0.36718750	-0.24469559
0.36743164	-0.31832402
0.36767578	-0.27978408
0.36791992	-0.29354588
0.36816406	-0.34881108
0.36840820	-0.37481837
0.36865234	-0.35212799
0.36889648	-0.34366906
0.36914062	-0.36574199
0.36938477	-0.38363244
0.36962891	-0.45327161
0.36987305	-0.43504106
0.37011719	-0.44396972
0.37036133	-0.45374898
0.37060547	-0.51341026
0.37084961	-0.47219199
0.37109375	-0.40781516
0.37133789	-0.39081199
0.37158203	-0.35383314
0.37182617	-0.37481067
0.37207031	-0.32902321
0.37231445	-0.30654452
0.37255859	-0.32804985
0.37280273	-0.37101069
0.37304688	-0.30101463
0.37329102	-0.31858003
0.37353516	-0.37365707
0.37377930	-0.34892331
0.37402344	-0.36001764
0.37426758	-0.41607252
0.37451172	-0.41585936
0.37475586	-0.37988347
0.37500000	-0.34920020
0.37524414	-0.34127370
0.37548828	-0.35850351
0.37573242	-0.30833308
0.37597656	-0.32974562
0.37622070	-0.33998539
0.37646484	-0.29959899
0.37670898	-0.31224039
0.37695312	-0.30191177
0.37719727	-0.25926597
0.37744141	-0.25590361
0.37768555	-0.25918688
0.37792969	-0.25652955
0.37817383	-0.26417775
0.37841797	-0.25947967
0.37866211	-0.21677344
0.37890625	-0.19950083
0.37915039	-0.18853622
0.37939453	-0.14270312
0.37963867	-0.13836764
0.37988281	-0.11518994
0.38012695	-0.12661730
0.38037109	-0.10217882
0.38061523	-0.09071729
0.38085938	-0.06646241
0.38110352	-0.04235065
0.38134766	-0.05957156
0.38159180	-0.04004381
0.38183594	-0.00626434
0.38208008	0.01137311
0.38232422	0.04307449
0.38256836	0.09323060
0.38281250	0.07221042
0.38305664	0.05357189
0.38330078	0.04442800
0.38354492	0.08054715
0.38378906	0.05008967
0.38403320	0.05691124
0.38427734	0.04360609
0.38452148	0.02260735
0.38476562	0.06339374
0.38500977	0.09309412
0.38525391	0.05907257
0.38549805	0.04612292
0.38574219	0.04028674
0.38598633	0.06599572
0.38623047	0.08185802
0.38647461	0.06441028
0.38671875	0.09041890
0.38696289	0.05608708
0.38720703	0.04169299
0.38745117	0.07506207
0.38769531	0.15316520
0.38793945	0.19758542
0.38818359	0.21990140
0.38842773	0.22073338
0.38867188	0.23039152
0.38891602	0.19506953
0.38916016	0.17821756
0.38940430	0.19848978
0.38964844	0.22565274
0.38989258	0.21880492
0.39013672	0.24796745
0.39038086	0.23925831
0.39062500	0.23113154
0.39086914	0.22435981
0.39111328	0.20109773
0.39135742	0.20090316
0.39160156	0.18133572
0.39184570	0.19490149
0.39208984	0.14299005
0.39233398	0.13987049
0.39257812	0.11387271
0.39282227	0.15341955
0.39306641	0.14169118
0.39331055	0.11012712
0.39355469	0.12197076
0.39379883	0.12188629
0.39404297	0.17190019
0.39428711	0.18856525
0.39453125	0.22952338
0.39477539	0.23749153
0.39501953	0.30988603
0.39526367	0.30124776
0.39550781	0.30167062
0.39575195	0.27031208
0.39599609	0.29881146
0.39624023	0.21358961
0.39648438	0.22010632
0.39672852	0.19193856
0.39697266	0.21015499
0.39721680	0.20181990
0.39746094	0.19158978
0.39770508	0.22518687
0.39794922	0.23677732
0.39819336	0.23099760
0.39843750	0.20400439
0.39868164	0.22360571
0.39892578	0.26398027
0.39916992	0.34472029
0.39941406	0.34918796
0.39965820	0.40205429
0.39990234	0.35470878
0.40014648	0.36963717
0.40039062	0.32772497
0.40063477	0.30871312
0.40087891	0.28842032
0.40112305	0.28582636
0.40136719	0.28957139
0.40161133	0.37500282
0.40185547	0.37176715
0.40209961	0.39933608
0.40234375	0.44319760
0.40258789	0.41776429
0.40283203	0.39246045
0.40307617	0.42093158
0.40332031	0.39497439
0.40356445	0.39160842
0.40380859	0.43137235
0.40405273	0.46861252
0.40429688	0.47530848
0.40454102	0.47488975
0.40478516	0.47437359
0.40502930	0.45767223
0.40527344	0.47425149
0.40551758	0.48237984
0.40576172	0.46236600
0.40600586	0.47845406
0.40625000	0.48590353
0.40649414	0.45637331
0.40673828	0.41035657
0.40698242	0.39701140
0.40722656	0.38249282
0.40747070	0.35925086
0.40771484	0.38327606
0.40795898	0.40394548
0.40820312	0.36902485
0.40844727	0.38124016
0.40869141	0.38217350
0.40893555	0.37338919
0.40917969	0.35907951
0.40942383	0.37106383
0.40966797	0.38100472
0.40991211	0.34084699
0.41015625	0.30854763
0.41040039	0.32022640
0.41064453	0.30771028
0.41088867	0.32359468
0.41113281	0.30310634
0.41137695	0.31590155
0.41162109	0.37093731
0.41186523	0.38044225
0.41210938	0.36365729
0.41235352	0.38696019
0.41259766	0.34468872
0.41284180	0.33984036
0.41308594	0.36447267
0.41333008	0.41555765
0.41357422	0.37844027
0.41381836	0.42611130
0.41406250	0.44113998
0.41430664	0.40415602
0.41455078	0.42261089
0.41479492	0.40459599
0.41503906	0.41311371
0.41528320	0.38735110
0.41552734	0.34753751
0.41577148	0.29295707
0.41601562	0.26126693
0.41625977	0.25060341
0.41650391	0.27293688
0.41674805	0.27314878
0.41699219	0.28035653
0.41723633	0.33407771
0.41748047	0.33579179
0.41772461	0.32972350
0.41796875	0.27878342
0.41821289	0.30163000
0.41845703	0.33298969
0.41870117	0.31376363
0.41894531	0.29635777
0.41918945	0.29754001
0.41943359	0.28543644
0.41967773	0.29449520
0.41992188	0.26074191
0.42016602	0.23584456
0.42041016	0.24925155
0.42065430	0.24508269
0.42089844	0.23548702
0.42114258	0.18640921
0.42138672	0.18765434
0.42163086	0.18128597
0.42187500	0.20380763
0.42211914	0.16803759
0.42236328	0.19659118
0.42260742	0.25573558
0.42285156	0.26985950
0.42309570	0.30350382
0.42333984	0.28705760
0.42358398	0.29166436
0.42382812	0.29198496
0.42407227	0.29013289
0.42431641	0.29513289
0.42456055	0.35855263
0.42480469	0.36918596
0.42504883	0.34456900
0.42529297	0.35259122
0.42553711	0.38340169
0.42578125	0.39168201
0.42602539	0.36455617
0.42626953	0.37447638
0.42651367	0.36322518
0.42675781	0.37248762
0.42700195	0.39274951
0.42724609	0.38520401
0.42749023	0.34303058
0.42773438	0.32459141
0.42797852	0.37657471
0.42822266	0.40290536
0.42846680	0.41729246
0.42871094	0.40207239
0.42895508	0.35029672
0.42919922	0.34825838
0.42944336	0.30647949
0.42968750	0.34123604
0.42993164	0.33301801
0.43017578	0.37896416
0.43041992	0.35535494
0.43066406	0.39538145
0.43090820	0.42148930
0.43115234	0.44568892
0.43139648	0.45451022
0.43164062	0.42726368
0.43188477	0.42049360
0.43212891	0.43026303
0.43237305	0.40505610
0.43261719	0.40386362
0.43286133	0.38965831
0.43310547	0.38809309
0.43334961	0.39701095
0.43359375	0.42440498
0.43383789	0.38903505
0.43408203	0.39442648
0.43432617	0.38303886
0.43457031	0.36457832
0.43481445	0.38275530
0.43505859	0.41170734
0.43530273	0.40907326
0.43554688	0.43019229
0.43579102	0.43902992
0.43603516	0.45277882
0.43627930	0.47751532
0.43652344	0.42427460
0.43676758	0.38953406
0.43701172	0.39392993
0.43725586	0.38965951
0.43750000	0.38051486
0.43774414	0.34218631
0.43798828	0.31948251
0.43823242	0.35557956
0.43847656	0.34216373
0.43872070	0.38424422
0.43896484	0.42335993
0.43920898	0.42562650
0.43945312	0.42826873
0.43969727	0.43139389
0.43994141	0.45293277
0.44018555	0.45102569
0.44042969	0.45277263
0.44067383	0.47306115
0.44091797	0.44319277
0.44116211	0.50390189
0.44140625	0.52003401
0.44165039	0.53014203
0.44189453	0.53945779
0.44213867	0.50676779
0.44238281	0.54293214
0.44262695	0.57351430
0.44287109	0.61434919
0.44311523	0.63006279
0.44335938	0.60503794
0.44360352	0.60491403
0.44384766	0.59848566
0.44409180	0.63185390
0.44433594	0.60511059
0.44458008	0.67969946
0.44482422	0.63544547
0.44506836	0.63162247
0.44531250	0.61074256
0.44555664	0.59649048
0.44580078	0.60033360
0.44604492	0.55818750
0.44628906	0.55732880
0.44653320	0.52562702
0.44677734	0.52279511
0.44702148	0.44283025
0.44726562	0.47033351
0.44750977	0.48629929
0.44775391	0.52616618
0.44799805	0.56664384
0.44824219	0.58122298
0.44848633	0.52244007
0.44873047	0.52177619
0.44897461	0.58759500
0.44921875	0.59649557
0.44946289	0.59976389
0.44970703	0.58898842
0.44995117	0.62655032
0.45019531	0.59613080
0.45043945	0.64351098
0.45068359	0.61950537
0.45092773	0.61501511
0.45117188	0.62731821
0.45141602	0.64600924
0.45166016	0.66579521
0.45190430	0.64119227
0.45214844	0.62355509
0.45239258	0.61079700
0.45263672	0.62783755
0.45288086	0.59722397
0.45312500	0.62482757
0.45336914	0.55040514
0.45361328	0.52469117
0.45385742	0.51753667
0.45410156	0.49917856
0.45434570	0.54728434
0.45458984	0.53090543
0.45483398	0.46627387
0.45507812	0.49888779
0.45532227	0.53125682
0.45556641	0.55612660
0.45581055	0.54533273
0.45605469	0.53030494
0.45629883	0.59553975
0.45654297	0.59631275
0.45678711	0.59768743
0.45703125	0.57471160
0.45727539	0.57039750
0.45751953	0.59062750
0.45776367	0.62785262
0.45800781	0.62896572
0.45825195	0.62839089
0.45849609	0.61506844
0.45874023	0.62065932
0.45898438	0.59133245
0.45922852	0.55485418
0.45947266	0.53978424
0.45971680	0.53489226
0.45996094	0.52656327
0.46020508	0.53759823
0.46044922	0.51303644
0.46069336	0.49036093
0.46093750	0.49247450
0.46118164	0.48343560
0.46142578	0.52124230
0.46166992	0.53603285
0.46191406	0.54038736
0.46215820	0.53648522
0.46240234	0.55068556
0.46264648	0.54409920
0.46289062	0.58997807
0.46313477	0.60010877
0.46337891	0.60173886
0.46362305	0.56746214
0.46386719	0.53830512
0.46411133	0.55456805
0.46435547	0.53957776
0.46459961	0.55832263
0.46484375	0.59820998
0.46508789	0.61645859
0.46533203	0.62457862
0.46557617	0.63540403
0.46582031	0.64085824
0.46606445	0.59673061
0.46630859	0.55136133
0.46655273	0.57857770
0.46679688	0.56780363
0.46704102	0.52005455
0.46728516	0.48728547
0.46752930	0.45155644
0.46777344	0.40874572
0.46801758	0.41328800
0.46826172	0.41254473
0.46850586	0.42633854
0.46875000	0.40783297
0.46899414	0.37580081
0.46923828	0.39828891
0.46948242	0.39764676
0.46972656	0.36117477
0.46997070	0.33554419
0.47021484	0.32370728
0.47045898	0.36169092
0.47070312	0.39534043
0.47094727	0.41747500
0.47119141	0.40174456
0.47143555	0.37296159
0.47167969	0.37504737
0.47192383	0.41573828
0.47216797	0.37977913
0.47241211	0.40497504
0.47265625	0.37693347
0.47290039	0.38357180
0.47314453	0.38958721
0.47338867	0.42000789
0.47363281	0.48148105
0.47387695	0.51172282
0.47412109	0.50032733
0.47436523	0.45708182
0.47460938	0.50994188
0.47485352	0.54878868
0.47509766	0.52151146
0.47534180	0.53448580
0.47558594	0.60035515
0.47583008	0.61719549
0.47607422	0.59775122
0.47631836	0.58866068
0.47656250	0.58136427
0.47680664	0.57791785
0.47705078	0.58292061
0.47729492	0.53971076
0.47753906	0.51039660
0.47778320	0.53466966
0.47802734	0.54441823
0.47827148	0.55749790
0.47851562	0.55633645
0.47875977	0.53063733
0.47900391	0.52678287
0.47924805	0.54667724
0.47949219	0.56251510
0.47973633	0.57785010
0.47998047	0.57413529
0.48022461	0.56685970
0.48046875	0.54052626
0.48071289	0.53925202
0.48095703	0.55058659
0.48120117	0.58561991
0.48144531	0.54237669
0.48168945	0.52349805
0.48193359	0.48996145
0.48217773	0.54364794
0.48242188	0.57362069
0.48266602	0.52864630
0.48291016	0.53899584
0.48315430	0.48887471
0.48339844	0.46132827
0.48364258	0.39690296
0.48388672	0.47195745
0.48413086	0.42724169
0.48437500	0.38218275
0.48461914	0.38702337
0.48486328	0.39342750
0.48510742	0.36665041
0.48535156	0.33898389
0.48559570	0.36964945
0.48583984	0.34259457
0.48608398	0.31582062
0.48632812	0.30000513
0.48657227	0.27851671
0.48681641	0.28392227
0.48706055	0.28253535
0.48730469	0.27009432
0.48754883	0.23826286
0.48779297	0.19877042
0.48803711	0.17698923
0.48828125	0.14685710
0.48852539	0.13250660
0.48876953	0.09507424
0.48901367	0.04939041
0.48925781	0.05493209
0.48950195	0.03521625
0.48974609	0.03000042
0.48999023	0.03823871
0.49023438	0.02854547
0.49047852	0.08878162
0.49072266	0.11839499
0.49096680	0.11183437
0.49121094	0.12093941
0.49145508	0.15301503
0.49169922	0.09679338
0.49194336	0.09555733
0.49218750	0.12530750
0.49243164	0.09640953
0.49267578	0.06638920
0.49291992	0.07270955
0.49316406	0.11150566
0.49340820	0.14279684
0.49365234	0.14111715
0.49389648	0.08305958
0.49414062	0.05468021
0.49438477	0.01185501
0.49462891	-0.00261432
0.49487305	0.02519731
0.49511719	0.01991293
0.49536133	0.04550075
0.49560547	0.03473418
0.49584961	0.00683791
0.49609375	-0.02547136
0.49633789	-0.02112396
0.49658203	-0.01271363
0.49682617	-0.03044996
0.49707031	-0.06957463
0.49731445	-0.05451146
0.49755859	-0.07164436
0.49780273	-0.09418524
0.49804688	-0.09776161
0.49829102	-0.08761291
0.49853516	-0.09000376
0.49877930	-0.05629977
0.49902344	-0.08829939
0.49926758	-0.08833763
0.49951172	-0.08351636
0.49975586	-0.01396302
0.50000000	-0.00035251
0.50024414	0.02248553
0.50048828	-0.00754035
0.50073242	-0.05502484
0.50097656	-0.03751920
0.50122070	-0.05325487
0.50146484	-0.09044175
0.50170898	-0.06851287
0.50195312	-0.08208196
0.50219727	-0.06045441
0.50244141	-0.07774338
0.50268555	-0.06457112
0.50292969	-0.06570327
0.50317383	-0.10787802
0.50341797	-0.11777025
0.50366211	-0.12078438
0.50390625	-0.13367310
0.50415039	-0.11671791
0.50439453	-0.06181948
0.50463867	-0.05871334
0.50488281	-0.08831068
0.50512695	-0.07211405
0.50537109	-0.05398921
0.50561523	-0.05564856
0.50585938	-0.03492056
0.50610352	0.00775833
0.50634766	-0.00896761
0.50659180	-0.00840083
0.50683594	0.02313933
0.50708008	0.05020010
0.50732422	0.12342462
0.50756836	0.08282241
0.50781250	0.11200973
0.50805664	0.05397974
0.50830078	0.06046953
0.50854492	0.08804276
0.50878906	0.08001256
0.50903320	0.05145027
0.50927734	0.06299277
0.50952148	0.14320761
0.50976562	0.16294913
0.51000977	0.18378701
0.51025391	0.19864715
0.51049805	0.18630986
0.51074219	0.22858282
0.51098633	0.22269866
0.51123047	0.23847079
0.51147461	0.27323882
0.51171875	0.27741741
0.51196289	0.32747047
0.51220703	0.31980650
0.51245117	0.34031223
0.51269531	0.30418467
0.51293945	0.30480630
0.51318359	0.36483387
0.51342773	0.35002151
0.51367188	0.38808248
0.51391602	0.35254656
0.51416016	0.38433676
0.51440430	0.37733033
0.51464844	0.34867173
0.51489258	0.31485128
0.51513672	0.30567641
0.51538086	0.27656895
0.51562500	0.22178360
0.51586914	0.24727583
0.51611328	0.24811983
0.51635742	0.20093188
0.51660156	0.16821915
0.51684570	0.16100031
0.51708984	0.13672534
0.51733398	0.14842901
0.51757812	0.13338646
0.51782227	0.14389871
0.51806641	0.13804923
0.51831055	0.08988711
0.51855469	0.10210713
0.51879883	0.09580419
0.51904297	0.12680341
0.51928711	0.07930833
0.51953125	0.07412652
0.51977539	0.04919842
0.52001953	0.02571056
0.52026367	0.05129412
0.52050781	0.09111366
0.52075195	0.04590854
0.52099609	0.09197407
0.52124023	0.04892893
0.52148438	0.04681159
0.52172852	0.07032422
0.52197266	0.06105132
0.52221680	0.06275099
0.52246094	0.11961334
0.52270508	0.12094022
0.52294922	0.06465986
0.52319336	0.00751892
0.52343750	0.00146148
0.52368164	0.02891581
0.52392578	-0.00660093
0.52416992	-0.03473111
0.52441406	-0.03066004
0.52465820	-0.03067915
0.52490234	0.01450517
0.52514648	-0.03632922
0.52539062	-0.06520247
0.52563477	-0.07412834
0.52587891	-0.01195964
0.52612305	0.04463659
0.52636719	0.06592789
0.52661133	0.01141014
0.52685547	-0.00183226
0.52709961	-0.01538811
0.52734375	0.00730408
0.52758789	0.01435194
0.52783203	0.01773184
0.52807617	0.02568438
0.52832031	0.04098148
0.52856445	0.05345290
0.52880859	0.01690996
0.52905273	0.01234412
0.52929688	-0.04090595
0.52954102	-0.04303433
0.52978516	-0.05657444
0.53002930	-0.02807533
0.53027344	-0.03397946
0.53051758	-0.11180630
0.53076172	-0.10933382
0.53100586	-0.12812420
0.53125000	-0.11870090
0.53149414	-0.15596095
0.53173828	-0.19396780
0.53198242	-0.16335811
0.53222656	-0.20680760
0.53247070	-0.19473906
0.53271484	-0.22917661
0.53295898	-0.25303182
0.53320312	-0.20582700
0.53344727	-0.17798562
0.53369141	-0.16706009
0.53393555	-0.17220353
0.53417969	-0.19430810
0.53442383	-0.22615445
0.53466797	-0.20990231
0.53491211	-0.22763808
0.53515625	-0.22062083
0.53540039	-0.21088383
0.53564453	-0.21324593
0.53588867	-0.28570039
0.53613281	-0.29888797
0.53637695	-0.27839217
0.53662109	-0.24967205
0.53686523	-0.21816090
0.53710938	-0.19521903
0.53735352	-0.21955257
0.53759766	-0.24580095
0.53784180	-0.24937326
0.53808594	-0.25850828
0.53833008	-0.27960661
0.53857422	-0.29392341
0.53881836	-0.29567222
0.53906250	-0.34927219
0.53930664	-0.30119093
0.53955078	-0.34598932
0.53979492	-0.30703411
0.54003906	-0.34609664
0.54028320	-0.34824847
0.54052734	-0.36352647
0.54077148	-0.39464970
0.54101562	-0.39883712
0.54125977	-0.43392352
0.54150391	-0.37388157
0.54174805	-0.39816589
0.54199219	-0.38141444
0.54223633	-0.36722555
0.54248047	-0.38312998
0.54272461	-0.41441780
0.54296875	-0.41105426
0.54321289	-0.40952374
0.54345703	-0.39811778
0.54370117	-0.41032232
0.54394531	-0.42221871
0.54418945	-0.41701413
0.54443359	-0.38368943
0.54467773	-0.37942183
0.54492188	-0.37091563
0.54516602	-0.38921589
0.54541016	-0.39826205
0.54565430	-0.46635044
0.54589844	-0.47495577
0.54614258	-0.48246635
0.54638672	-0.51181099
0.54663086	-0.52112819
0.54687500	-0.50093302
0.54711914	-0.54436892
0.54736328	-0.58977198
0.54760742	-0.60126586
0.54785156	-0.63340191
0.54809570	-0.60611291
0.54833984	-0.62787175
0.54858398	-0.65850148
0.54882812	-0.64020685
0.54907227	-0.69039479
0.54931641	-0.65220174
0.54956055	-0.65832566
0.54980469	-0.67959913
0.55004883	-0.65579238
0.55029297	-0.63275738
0.55053711	-0.63926751
0.55078125	-0.63544383
0.55102539	-0.59477750
0.55126953	-0.58014646
0.55151367	-0.60245705
0.55175781	-0.60350446
0.55200195	-0.60536903
0.55224609	-0.58965805
0.55249023	-0.59247499
0.55273438	-0.62284664
0.55297852	-0.58190464
0.55322266	-0.59715668
0.55346680	-0.63271370
0.55371094	-0.62521008
0.55395508	-0.61246373
0.55419922	-0.60861946
0.55444336	-0.65466223
0.55468750	-0.67082517
0.55493164	-0.69817478
0.55517578	-0.72074244
0.55541992	-0.73968178
0.55566406	-0.70973954
0.55590820	-0.67131645
0.55615234	-0.66010276
0.55639648	-0.65906411
0.55664062	-0.67890520
0.55688477	-0.71738182
0.55712891	-0.69116011
0.55737305	-0.71063770
0.55761719	-0.74584074
0.55786133	-0.74768924
0.55810547	-0.76672300
0.55834961	-0.81497038
0.55859375	-0.81503895
0.55883789	-0.80975587
0.55908203	-0.81300822
0.55932617	-0.73632146
0.55957031	-0.67013711
0.55981445	-0.67956469
0.56005859	-0.69774766
0.56030273	-0.69266723
0.56054688	-0.67587586
0.56079102	-0.66127460
0.56103516	-0.69678207
0.56127930	-0.70286197
0.56152344	-0.65826312
0.56176758	-0.58330921
0.56201172	-0.56619927
0.56225586	-0.53054949
0.56250000	-0.50916133
0.56274414	-0.48756389
0.56298828	-0.51510499
0.56323242	-0.50653337
0.56347656	-0.48202507
0.56372070	-0.44177732
0.56396484	-0.41883852
0.56420898	-0.41418392
0.56445312	-0.39765058
0.56469727	-0.36383418
0.56494141	-0.38998462
0.56518555	-0.43172487
0.56542969	-0.43851116
0.56567383	-0.46049326
0.56591797	-0.45267907
0.56616211	-0.42762991
0.56640625	-0.37787111
0.56665039	-0.34028936
0.56689453	-0.33441183
0.56713867	-0.31053929
0.56738281	-0.32045427
0.56762695	-0.29331758
0.56787109	-0.28266107
0.56811523	-0.27582628
0.56835938	-0.28222440
0.56860352	-0.31459788
0.56884766	-0.32140534
0.56909180	-0.30585563
0.56933594	-0.30131041
0.56958008	-0.36890362
0.56982422	-0.39647212
0.57006836	-0.40229971
0.57031250	-0.42458804
0.57055664	-0.33872154
0.57080078	-0.32163449
0.57104492	-0.30063946
0.57128906	-0.30697427
0.57153320	-0.31394671
0.57177734	-0.26635048
0.57202148	-0.26461005
0.57226562	-0.25891111
0.57250977	-0.24365648
0.57275391	-0.16989482
0.57299805	-0.19081511
0.57324219	-0.19040016
0.57348633	-0.20440340
0.57373047	-0.21318517
0.57397461	-0.20612941
0.57421875	-0.21716523
0.57446289	-0.25426384
0.57470703	-0.22767285
0.57495117	-0.21875906
0.57519531	-0.25138670
0.57543945	-0.21571862
0.57568359	-0.19480160
0.57592773	-0.15464126
0.57617188	-0.14523711
0.57641602	-0.14045838
0.57666016	-0.15499415
0.57690430	-0.15076800
0.57714844	-0.18812552
0.57739258	-0.17651001
0.57763672	-0.19190105
0.57788086	-0.18333364
0.57812500	-0.18678207
0.57836914	-0.17504370
0.57861328	-0.22789618
0.57885742	-0.19307356
0.57910156	-0.18170355
0.57934570	-0.17038470
0.57958984	-0.20077388
0.57983398	-0.20517952
0.58007812	-0.16300690
0.58032227	-0.16036239
0.58056641	-0.17498162
0.58081055	-0.18793081
0.58105469	-0.17400335
0.58129883	-0.13884661
0.58154297	-0.12548728
0.58178711	-0.08394166
0.58203125	-0.06984366
0.58227539	0.00451787
0.58251953	0.04512614
0.58276367	0.08243329
0.58300781	0.16352971
0.58325195	0.13308243
0.58349609	0.15765789
0.58374023	0.19571458
0.58398438	0.16961901
0.58422852	0.17805210
0.58447266	0.17866680
0.58471680	0.14613038
0.58496094	0.15618518
0.58520508	0.18800169
0.58544922	0.19933752
0.58569336	0.17168844
0.58593750	0.16446888
0.58618164	0.13436566
0.58642578	0.17834305
0.58666992	0.14191976
0.58691406	0.15171725
0.58715820	0.15102289
0.58740234	0.13396006
0.58764648	0.16472921
0.58789062	0.15652379
0.58813477	0.16738415
0.58837891	0.16684096
0.58862305	0.18615532
0.58886719	0.23864967
0.58911133	0.20658715
0.58935547	0.19073975
0.58959961	0.18926406
0.58984375	0.18224512
0.59008789	0.20625051
0.59033203	0.19880630
0.59057617	0.16644543
0.59082031	0.13547306
0.59106445	0.13983746
0.59130859	0.16737231
0.59155273	0.16284291
0.59179688	0.18671073
0.59204102	0.12611717
0.59228516	0.11079661
0.59252930	0.13266928
0.59277344	0.16880300
0.59301758	0.16303949
0.59326172	0.18631297
0.59350586	0.22798083
0.59375000	0.20651792
0.59399414	0.16278956
0.59423828	0.09123211
0.59448242	0.12519592
0.59472656	0.10675175
0.59497070	0.07539150
0.59521484	0.05912044
0.59545898	0.02697891
0.59570312	-0.00868283
0.59594727	-0.00620750
0.59619141	0.02018768
0.59643555	0.01024929
0.59667969	0.04537179
0.59692383	0.03884032
0.59716797	0.05593409
0.59741211	0.05132719
0.59765625	0.04657821
0.59790039	0.06669940
0.59814453	0.05620702
0.59838867	0.03960097
0.59863281	0.05199290
0.59887695	0.08823929
0.59912109	0.00204393
0.59936523	-0.02124836
0.59960938	-0.02913001
0.59985352	-0.01822778
0.60009766	-0.01906620
0.60034180	-0.01172227
0.60058594	0.00531988
0.60083008	0.01784442
0.60107422	0.02863416
0.60131836	0.04810758
0.60156250	0.08180898
0.60180664	0.06381593
0.60205078	0.06188375
0.60229492	0.01181399
0.60253906	-0.01788994
0.60278320	-0.04671847
0.60302734	-0.09204000
0.60327148	-0.07636046
0.60351562	-0.12885254
0.60375977	-0.15125613
0.60400391	-0.18862933
0.60424805	-0.16694063
0.60449219	-0.17308524
0.60473633	-0.18960796
0.60498047	-0.19939744
0.60522461	-0.24542784
0.60546875	-0.24109942
0.60571289	-0.24954850
0.60595703	-0.21603707
0.60620117	-0.20204571
0.60644531	-0.20688166
0.60668945	-0.16896999
0.60693359	-0.12569792
0.60717773	-0.10988342
0.60742188	-0.09987241
0.60766602	-0.10080508
0.60791016	-0.06761462
0.60815430	-0.05931501
0.60839844	-0.03455848
0.60864258	-0.06187938
0.60888672	-0.10082888
0.60913086	-0.08331438
0.60937500	-0.06485477
0.60961914	-0.05577376
0.60986328	0.01472555
0.61010742	0.02768327
0.61035156	0.03329549
0.61059570	0.01938210
0.61083984	0.02080875
0.61108398	-0.00301807
0.61132812	0.01224190
0.61157227	-0.02884505
0.61181641	-0.00900989
0.61206055	0.00332941
0.61230469	0.04518760
0.61254883	0.06488411
0.61279297	0.02336746
0.61303711	-0.02565857
0.61328125	-0.01909706
0.61352539	0.01561763
0.61376953	0.06427059
0.61401367	0.04505842
0.61425781	0.03238401
0.61450195	0.02544824
0.61474609	0.09667765
0.61499023	0.10275474
0.61523438	0.12789748
0.61547852	0.17942841
0.61572266	0.17321169
0.61596680	0.21950636
0.61621094	0.16366338
0.61645508	0.15953061
0.61669922	0.17347476
0.61694336	0.18018959
0.61718750	0.22210609
0.61743164	0.25463950
0.61767578	0.28387142
0.61791992	0.32639813
0.61816406	0.30985758
0.61840820	0.30531711
0.61865234	0.33694729
0.61889648	0.35945949
0.61914062	0.37439295
0.61938477	0.39741050
0.61962891	0.39960651
0.61987305	0.42746065
0.62011719	0.43643261
0.62036133	0.48374565
0.62060547	0.51688478
0.62084961	0.54122804
0.62109375	0.53504961
0.62133789	0.46398597
0.62158203	0.45990607
0.62182617	0.43940951
0.62207031	0.37272900
0.62231445	0.37494895
0.62255859	0.40490357
0.62280273	0.41756920
0.62304688	0.45422291
0.62329102	0.47475788
0.62353516	0.47579342
0.62377930	0.48276593
0.62402344	0.46747331
0.62426758	0.45533718
0.62451172	0.40990846
0.62475586	0.38041589
0.62500000	0.41092220
0.62524414	0.41206891
0.62548828	0.40151302
0.62573242	0.43079570
0.62597656	0.41300388
0.62622070	0.39919565
0.62646484	0.42441159
0.62670898	0.39012703
0.62695312	0.41679609
0.62719727	0.43853185
0.62744141	0.52063878
0.62768555	0.57365473
0.62792969	0.57788440
0.62817383	0.61001062
0.62841797	0.60473114
0.62866211	0.60811836
0.62890625	0.58874286
0.62915039	0.54485009
0.62939453	0.59235850
0.62963867	0.59095625
0.62988281	0.58929002
0.63012695	0.55850737
0.63037109	0.51491992
0.63061523	0.52099753
0.63085938	0.51199544
0.63110352	0.52800686
0.63134766	0.51281119
0.63159180	0.50818997
0.63183594	0.51635124
0.63208008	0.53266073
0.63232422	0.47137204
0.63256836	0.47851927
0.63281250	0.46074299
0.63305664	0.46275410
0.63330078	0.44785565
0.63354492	0.44192423
0.63378906	0.42547293
0.63403320	0.39894396
0.63427734	0.34341230
0.63452148	0.34869627
0.63476562	0.31567742
0.63500977	0.35358829
0.63525391	0.31028073
0.63549805	0.29555715
0.63574219	0.27921444
0.63598633	0.31979636
0.63623047	0.31807193
0.63647461	0.33290353
0.63671875	0.33143439
0.63696289	0.38081931
0.63720703	0.38151964
0.63745117	0.35228361
0.63769531	0.33322777
0.63793945	0.31627302
0.63818359	0.26995256
0.63842773	0.27694798
0.63867188	0.26961173
0.63891602	0.25310943
0.63916016	0.21690634
0.63940430	0.18885279
0.63964844	0.18112554
0.63989258	0.14631525
0.64013672	0.18910005
0.64038086	0.15849968
0.64062500	0.18900074
0.64086914	0.15456325
0.64111328	0.13345052
0.64135742	0.14135925
0.64160156	0.19666013
0.64184570	0.17616376
0.64208984	0.22412622
0.64233398	0.20500947
0.64257812	0.25005579
0.64282227	0.25071772
0.64306641	0.27388744
0.64331055	0.26168955
0.64355469	0.20945704
0.64379883	0.15852344
0.64404297	0.16315895
0.64428711	0.18102901
0.64453125	0.21830285
0.64477539	0.22117802
0.64501953	0.27699678
0.64526367	0.26862940
0.64550781	0.27583681
0.64575195	0.36918323
0.64599609	0.36918697
0.64624023	0.39605965
0.64648438	0.39910973
0.64672852	0.42475658
0.64697266	0.40389669
0.64721680	0.41893633
0.64746094	0.38091650
0.64770508	0.34200035
0.64794922	0.28473083
0.64819336	0.27078297
0.64843750	0.23723398
0.64868164	0.20807101
0.64892578	0.18799285
0.64916992	0.23254961
0.64941406	0.24753178
0.64965820	0.26022808
0.64990234	0.25669759
0.65014648	0.28882091
0.65039062	0.30545989
0.65063477	0.32112238
0.65087891	0.35127502
0.65112305	0.36287887
0.65136719	0.38517970
0.65161133	0.34774437
0.65185547	0.37836725
0.65209961	0.38685386
0.65234375	0.35573485
0.65258789	0.33100934
0.65283203	0.35609611
0.65307617	0.37590822
0.65332031	0.34209845
0.65356445	0.39003278
0.65380859	0.39227026
0.65405273	0.33116265
0.65429688	0.32789667
0.65454102	0.34678457
0.65478516	0.32889075
0.65502930	0.29886322
0.65527344	0.30244309
0.65551758	0.31344395
0.65576172	0.31857570
0.65600586	0.33245919
0.65625000	0.34959540
0.65649414	0.34568260
0.65673828	0.40736702
0.65698242	0.36429799
0.65722656	0.34330260
0.65747070	0.42683688
0.65771484	0.41727871
0.65795898	0.42037007
0.65820312	0.41230090
0.65844727	0.39565700
0.65869141	0.34473603
0.65893555	0.34262697
0.65917969	0.30235292
0.65942383	0.29326599
0.65966797	0.31428075
0.65991211	0.31481019
0.66015625	0.29811109
0.66040039	0.37615921
0.66064453	0.37014703
0.66088867	0.32738099
0.66113281	0.31222809
0.66137695	0.26576120
0.66162109	0.25322392
0.66186523	0.28857582
0.66210938	0.29295687
0.66235352	0.28030541
0.66259766	0.24491092
0.66284180	0.23909497
0.66308594	0.18635896
0.66333008	0.18399054
0.66357422	0.20788025
0.66381836	0.18347679
0.66406250	0.16049678
0.66430664	0.19117772
0.66455078	0.17346284
0.66479492	0.19016407
0.66503906	0.17984478
0.66528320	0.21314869
0.66552734	0.17137493
0.66577148	0.19439206
0.66601562	0.20425054
0.66625977	0.21737583
0.66650391	0.23913259
0.66674805	0.23945768
0.66699219	0.24929684
0.66723633	0.22934830
0.66748047	0.19076301
0.66772461	0.22879245
0.66796875	0.20478352
0.66821289	0.16357383
0.66845703	0.15853190
0.66870117	0.12890776
0.66894531	0.14034201
0.66918945	0.17015778
0.66943359	0.23402655
0.66967773	0.29596268
0.66992188	0.35148441
0.67016602	0.34930155
0.67041016	0.35740341
0.67065430	0.32404329
0.67089844	0.30705046
0.67114258	0.27300561
0.67138672	0.27765814
0.67163086	0.24286650
0.67187500	0.22773970
0.67211914	0.24170102
0.67236328	0.17451314
0.67260742	0.17922983
0.67285156	0.23289985
0.67309570	0.23981764
0.67333984	0.21893779
0.67358398	0.24262218
0.67382812	0.26674959
0.67407227	0.29650344
0.67431641	0.29908828
0.67456055	0.27524925
0.67480469	0.30492420
0.67504883	0.26315290
0.67529297	0.24339931
0.67553711	0.25330661
0.67578125	0.27643825
0.67602539	0.36880185
0.67626953	0.39347404
0.67651367	0.39190634
0.67675781	0.34740078
0.67700195	0.35228213
0.67724609	0.32344653
0.67749023	0.31970904
0.67773438	0.28364219
0.67797852	0.27030797
0.67822266	0.23566464
0.67846680	0.20871631
0.67871094	0.19834297
0.67895508	0.17358199
0.67919922	0.18560923
0.67944336	0.18351645
0.67968750	0.19541770
0.67993164	0.18978523
0.68017578	0.16196698
0.68041992	0.18267213
0.68066406	0.18106800
0.68090820	0.16709290
0.68115234	0.20585431
0.68139648	0.28966911
0.68164062	0.29737881
0.68188477	0.31604788
0.68212891	0.35170414
0.68237305	0.35128813
0.68261719	0.38333210
0.68286133	0.38495931
0.68310547	0.39402484
0.68334961	0.39656744
0.68359375	0.42149025
0.68383789	0.44815252
0.68408203	0.42114988
0.68432617	0.42310135
0.68457031	0.46134635
0.68481445	0.50005662
0.68505859	0.49352138
0.68530273	0.47021573
0.68554688	0.47831112
0.68579102	0.45974113
0.68603516	0.44083511
0.68627930	0.42053823
0.68652344	0.41659565
0.68676758	0.43174862
0.68701172	0.45144001
0.68725586	0.43722544
0.68750000	0.43737769
0.68774414	0.42866897
0.68798828	0.39084108
0.68823242	0.39834125
0.68847656	0.39574713
0.68872070	0.42687634
0.68896484	0.42020206
0.68920898	0.39610219
0.68945312	0.34745762
0.68969727	0.30765530
0.68994141	0.30663808
0.69018555	0.30828208
0.69042969	0.29639925
0.69067383	0.31770194
0.69091797	0.25613476
0.69116211	0.27375965
0.69140625	0.26337549
0.69165039	0.29816294
0.69189453	0.28017005
0.69213867	0.26625340
0.69238281	0.29420147
0.69262695	0.30289228
0.69287109	0.30261803
0.69311523	0.31680907
0.69335938	0.35699148
0.69360352	0.34648321
0.69384766	0.30649466
0.69409180	0.34391918
0.69433594	0.31334875
0.69458008	0.32318597
0.69482422	0.28081542
0.69506836	0.28894650
0.69531250	0.29433755
0.69555664	0.29215223
0.69580078	0.29269544
0.69604492	0.28004614
0.69628906	0.25208954
0.69653320	0.20938900
0.69677734	0.20469247
0.69702148	0.21869675
0.69726562	0.27542916
0.69750977	0.27542860
0.69775391	0.26321668
0.69799805	0.28363440
0.69824219	0.21884881
0.69848633	0.21757440
0.69873047	0.23648623
0.69897461	0.21981717
0.69921875	0.19905769
0.69946289	0.22717913
0.69970703	0.24411155
0.69995117	0.22567855
0.70019531	0.20098275
0.70043945	0.20119177
0.70068359	0.19600265
0.70092773	0.19508692
0.70117188	0.22756373
0.70141602	0.18110187
0.70166016	0.12518238
0.70190430	0.09790057
0.70214844	0.03980100
0.70239258	0.01589501
0.70263672	-0.01099746
0.70288086	-0.05651951
0.70312500	-0.05966471
0.70336914	-0.06811998
0.70361328	-0.07169149
0.70385742	-0.04752301
0.70410156	-0.03541088
0.70434570	-0.04578699
0.70458984	-0.04801889
0.70483398	-0.05439915
0.70507812	-0.04806264
0.70532227	-0.06666032
0.70556641	-0.10380255
0.70581055	-0.15233446
0.70605469	-0.14010653
0.70629883	-0.10357914
0.70654297	-0.07102282
0.70678711	-0.05106984
0.70703125	-0.05602589
0.70727539	0.00076636
0.70751953	0.00361834
0.70776367	0.05495502
0.70800781	0.06333153
0.70825195	0.04983753
0.70849609	0.07385782
0.70874023	0.06004193
0.70898438	0.03751969
0.70922852	0.02224901
0.70947266	-0.00691096
0.70971680	-0.00667445
0.70996094	0.00792048
0.71020508	0.01016983
0.71044922	-0.01454369
0.71069336	-0.03572167
0.71093750	-0.03404252
0.71118164	-0.06894333
0.71142578	-0.07025299
0.71166992	-0.08198348
0.71191406	-0.08014734
0.71215820	-0.07410424
0.71240234	-0.07589260
0.71264648	-0.04134783
0.71289062	-0.02595676
0.71313477	-0.01720773
0.71337891	-0.03971843
0.71362305	-0.01506180
0.71386719	-0.04211198
0.71411133	-0.04866322
0.71435547	-0.04720216
0.71459961	-0.04114781
0.71484375	-0.04761382
0.71508789	-0.05864669
0.71533203	-0.03991858
0.71557617	-0.03833017
0.71582031	-0.00290863
0.71606445	0.00429976
0.71630859	0.00702351
0.71655273	0.02789746
0.71679688	-0.00153952
0.71704102	0.00435535
0.71728516	-0.01753330
0.71752930	0.05812667
0.71777344	0.03749073
0.71801758	0.05095555
0.71826172	0.02112078
0.71850586	0.00546186
0.71875000	0.02420538
0.71899414	0.00753413
0.71923828	0.00158558
0.71948242	0.02953774
0.71972656	0.03780787
0.71997070	0.02877979
0.72021484	0.03172862
0.72045898	0.01252978
0.72070312	0.07330368
0.72094727	0.11604066
0.72119141	0.15223881
0.72143555	0.15841056
0.72167969	0.18612855
0.72192383	0.21037802
0.72216797	0.19239771
0.72241211	0.15651366
0.72265625	0.18165114
0.72290039	0.12946985
0.72314453	0.12485621
0.72338867	0.08424958
0.72363281	0.08246277
0.72387695	0.07701505
0.72412109	0.06522164
0.72436523	0.10965403
0.72460938	0.08958283
0.72485352	0.12451794
0.72509766	0.11824351
0.72534180	0.12412681
0.72558594	0.07236281
0.72583008	0.07466000
0.72607422	0.04878280
0.72631836	0.05158860
0.72656250	0.06549944
0.72680664	0.03339019
0.72705078	0.06141813
0.72729492	0.02584916
0.72753906	0.00329701
0.72778320	-0.04799012
0.72802734	-0.03141650
0.72827148	-0.00321264
0.72851562	-0.03022210
0.72875977	0.02028223
0.72900391	0.01796626
0.72924805	-0.03790723
0.72949219	-0.05249992
0.72973633	-0.08700087
0.72998047	-0.07931240
0.73022461	-0.08857379
0.73046875	-0.05220380
0.73071289	-0.05219343
0.73095703	-0.00725210
0.73120117	0.01448493
0.73144531	0.02268453
0.73168945	0.00562003
0.73193359	0.00725087
0.73217773	-0.01362145
0.73242188	-0.02876896
0.73266602	-0.03739472
0.73291016	-0.02546311
0.73315430	0.02750340
0.73339844	0.01632651
0.73364258	-0.01741051
0.73388672	-0.01489423
0.73413086	-0.00502261
0.73437500	-0.02981097
0.73461914	0.04026193
0.73486328	0.03850548
0.73510742	0.07237791
0.73535156	0.07601420
0.73559570	0.06930206
0.73583984	0.02739627
0.73608398	0.01973686
0.73632812	0.06120503
0.73657227	0.10373657
0.73681641	0.08749735
0.73706055	0.09278230
0.73730469	0.09784939
0.73754883	0.12317419
0.73779297	0.10538690
0.73803711	0.10047041
0.73828125	0.08704390
0.73852539	0.19079546
0.73876953	0.18227524
0.73901367	0.13179214
0.73925781	0.15230678
0.73950195	0.18156182
0.73974609	0.20558568
0.73999023	0.23190320
0.74023438	0.15618658
0.74047852	0.09854357
0.74072266	0.13355356
0.74096680	0.21833887
0.74121094	0.14281196
0.74145508	0.17579782
0.74169922	0.18561375
0.74194336	0.15891988
0.74218750	0.09682063
0.74243164	0.09655614
0.74267578	0.08212916
0.74291992	0.06826547
0.74316406	0.08499651
0.74340820	0.07356239
0.74365234	0.10924852
0.74389648	0.08678515
0.74414062	0.07672159
0.74438477	0.03582474
0.74462891	-0.00878852
0.74487305	0.00297308
0.74511719	-0.02347881
0.74536133	-0.03423551
0.74560547	-0.11512504
0.74584961	-0.08690446
0.74609375	-0.05775914
0.74633789	-0.03800213
0.74658203	0.00015065
0.74682617	0.01878442
0.74707031	0.02277261
0.74731445	0.05569357
0.74755859	0.06569512
0.74780273	0.12401295
0.74804688	0.13421766
0.74829102	0.14914509
0.74853516	0.09741482
0.74877930	0.06177418
0.74902344	0.03566410
0.74926758	0.00370093
0.74951172	0.00173026
0.74975586	0.04425730
0.75000000	0.11206161
0.75024414	0.10837069
0.75048828	0.10145466
0.75073242	0.08994656
0.75097656	0.08844445
0.75122070	0.08808988
0.75146484	0.09114174
0.75170898	0.11056477
0.75195312	0.08757966
0.75219727	0.11633163
0.75244141	0.09306507
0.75268555	0.10855916
0.75292969	0.14849083
0.75317383	0.13996957
0.75341797	0.10470453
0.75366211	0.07977263
0.75390625	0.10935437
0.75415039	0.09786112
0.75439453	0.13577253
0.75463867	0.16854135
0.75488281	0.14756437
0.75512695	0.16281321
0.75537109	0.21537797
0.75561523	0.13270399
0.75585938	0.15422513
0.75610352	0.15033611
0.75634766	0.18434608
0.75659180	0.15523926
0.75683594	0.13316617
0.75708008	0.12003153
0.75732422	0.12961170
0.75756836	0.15704768
0.75781250	0.14781614
0.75805664	0.15335826
0.75830078	0.14990551
0.75854492	0.16014892
0.75878906	0.18806884
0.75903320	0.21770962
0.75927734	0.19169814
0.75952148	0.22397971
0.75976562	0.23487854
0.76000977	0.20011109
0.76025391	0.19024596
0.76049805	0.15693870
0.76074219	0.16629352
0.76098633	0.20048226
0.76123047	0.18897898
0.76147461	0.22804104
0.76171875	0.23407414
0.76196289	0.27317560
0.76220703	0.25092657
0.76245117	0.25629942
0.76269531	0.30101478
0.76293945	0.29456312
0.76318359	0.32290252
0.76342773	0.35903860
0.76367188	0.41980881
0.76391602	0.37970354
0.76416016	0.43035501
0.76440430	0.44193919
0.76464844	0.39369725
0.76489258	0.42783864
0.76513672	0.41518164
0.76538086	0.37832985
0.76562500	0.36399021
0.76586914	0.35209451
0.76611328	0.36437711
0.76635742	0.36674553
0.76660156	0.38961695
0.76684570	0.38097124
0.76708984	0.37703221
0.76733398	0.36457939
0.76757812	0.31586953
0.76782227	0.29750495
0.76806641	0.29229509
0.76831055	0.30434529
0.76855469	0.31615062
0.76879883	0.26466347
0.76904297	0.26001710
0.76928711	0.25553476
0.76953125	0.23464562
0.76977539	0.21459819
0.77001953	0.19596993
0.77026367	0.22149407
0.77050781	0.20320460
0.77075195	0.17387130
0.77099609	0.16330564
0.77124023	0.13978626
0.77148438	0.18967163
0.77172852	0.19574977
0.77197266	0.25293656
0.77221680	0.23947202
0.77246094	0.25371786
0.77270508	0.23060613
0.77294922	0.21858465
0.77319336	0.23766820
0.77343750	0.22372061
0.77368164	0.19778384
0.77392578	0.17163378
0.77416992	0.17259104
0.77441406	0.20783411
0.77465820	0.20227829
0.77490234	0.22528142
0.77514648	0.26529504
0.77539062	0.31916784
0.77563477	0.31730746
0.77587891	0.32053056
0.77612305	0.31643526
0.77636719	0.35606075
0.77661133	0.32970750
0.77685547	0.35903858
0.77709961	0.35654763
0.77734375	0.34481456
0.77758789	0.34996896
0.77783203	0.33209521
0.77807617	0.33944139
0.77832031	0.32094565
0.77856445	0.36685454
0.77880859	0.37769077
0.77905273	0.33661005
0.77929688	0.36804385
0.77954102	0.36380766
0.77978516	0.34554289
0.78002930	0.33616716
0.78027344	0.31356817
0.78051758	0.30469783
0.78076172	0.28387634
0.78100586	0.29320054
0.78125000	0.25475993
0.78149414	0.26226147
0.78173828	0.22624205
0.78198242	0.23173657
0.78222656	0.21642212
0.78247070	0.25388632
0.78271484	0.26940015
0.78295898	0.25211785
0.78320312	0.20423317
0.78344727	0.22395819
0.78369141	0.20606080
0.78393555	0.19071944
0.78417969	0.20134584
0.78442383	0.23194565
0.78466797	0.19944686
0.78491211	0.17102095
0.78515625	0.15087467
0.78540039	0.16912149
0.78564453	0.16180886
0.78588867	0.13812474
0.78613281	0.14807807
0.78637695	0.14452751
0.78662109	0.09943454
0.78686523	0.10813728
0.78710938	0.10381087
0.78735352	0.11613834
0.78759766	0.13053408
0.78784180	0.09045471
0.78808594	0.07765811
0.78833008	0.04387569
0.78857422	-0.02792994
0.78881836	-0.04368772
0.78906250	-0.01137126
0.78930664	0.02098012
0.78955078	-0.01005816
0.78979492	-0.03798174
0.79003906	-0.03516593
0.79028320	-0.01945607
0.79052734	-0.01942253
0.79077148	-0.03204841
0.79101562	-0.00190512
0.79125977	-0.03011777
0.79150391	-0.04129375
0.79174805	-0.03519130
0.79199219	0.00977075
0.79223633	0.00903585
0.79248047	0.01624247
0.79272461	0.02083808
0.79296875	-0.01994751
0.79321289	-0.08895500
0.79345703	-0.09373316
0.79370117	-0.15038292
0.79394531	-0.19774194
0.79418945	-0.19596211
0.79443359	-0.20898896
0.79467773	-0.25621268
0.79492188	-0.21291185
0.79516602	-0.24174417
0.79541016	-0.26043531
0.79565430	-0.20924096
0.79589844	-0.18742586
0.79614258	-0.18075855
0.79638672	-0.14625938
0.79663086	-0.15701435
0.79687500	-0.09243666
0.79711914	-0.09229611
0.79736328	-0.07243674
0.79760742	-0.08804985
0.79785156	-0.04649779
0.79809570	-0.03955660
0.79833984	-0.05008700
0.79858398	0.00355595
0.79882812	-0.03027599
0.79907227	-0.05990116
0.79931641	-0.05888210
0.79956055	-0.09520403
0.79980469	-0.09166473
0.80004883	-0.07735265
0.80029297	-0.07405910
0.80053711	-0.06474718
0.80078125	-0.03121827
0.80102539	-0.03334929
0.80126953	-0.08777179
0.80151367	-0.09326173
0.80175781	-0.12345592
0.80200195	-0.08498922
0.80224609	-0.05444006
0.80249023	-0.05465875
0.80273438	-0.07586872
0.80297852	-0.10595380
0.80322266	-0.14778798
0.80346680	-0.12897789
0.80371094	-0.08540071
0.80395508	-0.13129337
0.80419922	-0.17837842
0.80444336	-0.16666898
0.80468750	-0.13789278
0.80493164	-0.21995678
0.80517578	-0.24105030
0.80541992	-0.23525830
0.80566406	-0.25154477
0.80590820	-0.13720476
0.80615234	-0.12262580
0.80639648	-0.18943476
0.80664062	-0.19212512
0.80688477	-0.19076473
0.80712891	-0.18766134
0.80737305	-0.22310751
0.80761719	-0.15585241
0.80786133	-0.16734694
0.80810547	-0.21281170
0.80834961	-0.18983167
0.80859375	-0.17962865
0.80883789	-0.17804980
0.80908203	-0.16453957
0.80932617	-0.17737058
0.80957031	-0.24422396
0.80981445	-0.24383195
0.81005859	-0.21864441
0.81030273	-0.21749555
0.81054688	-0.19153091
0.81079102	-0.14400980
0.81103516	-0.17448521
0.81127930	-0.14818439
0.81152344	-0.13865934
0.81176758	-0.12979505
0.81201172	-0.15122389
0.81225586	-0.23459668
0.81250000	-0.29251212
0.81274414	-0.30360462
0.81298828	-0.30516745
0.81323242	-0.35997553
0.81347656	-0.43644270
0.81372070	-0.44278609
0.81396484	-0.41989606
0.81420898	-0.37837473
0.81445312	-0.35973861
0.81469727	-0.40526186
0.81494141	-0.40628984
0.81518555	-0.39290582
0.81542969	-0.33215069
0.81567383	-0.27640701
0.81591797	-0.28192589
0.81616211	-0.29246813
0.81640625	-0.34869385
0.81665039	-0.37491203
0.81689453	-0.35497019
0.81713867	-0.38318079
0.81738281	-0.35893197
0.81762695	-0.36035246
0.81787109	-0.38792255
0.81811523	-0.42084491
0.81835938	-0.47163800
0.81860352	-0.44068383
0.81884766	-0.43960673
0.81909180	-0.40415301
0.81933594	-0.41585165
0.81958008	-0.40333549
0.81982422	-0.40884887
0.82006836	-0.38288175
0.82031250	-0.38612713
0.82055664	-0.32187607
0.82080078	-0.26367200
0.82104492	-0.31649992
0.82128906	-0.34074697
0.82153320	-0.37367769
0.82177734	-0.40237560
0.82202148	-0.32272867
0.82226562	-0.31784051
0.82250977	-0.26778488
0.82275391	-0.21616214
0.82299805	-0.20441178
0.82324219	-0.17743451
0.82348633	-0.16469325
0.82373047	-0.18977177
0.82397461	-0.17265863
0.82421875	-0.16552271
0.82446289	-0.15029317
0.82470703	-0.16248663
0.82495117	-0.20027742
0.82519531	-0.17809980
0.82543945	-0.19424930
0.82568359	-0.23354821
0.82592773	-0.16888990
0.82617188	-0.22277414
0.82641602	-0.18362372
0.82666016	-0.19703455
0.82690430	-0.13328284
0.82714844	-0.12136410
0.82739258	-0.11428302
0.82763672	-0.09312204
0.82788086	-0.04744089
0.82812500	-0.07324697
0.82836914	-0.07414330
0.82861328	-0.09565330
0.82885742	-0.09783672
0.82910156	-0.13920868
0.82934570	-0.16829367
0.82958984	-0.21633131
0.82983398	-0.23300907
0.83007812	-0.26023112
0.83032227	-0.28532471
0.83056641	-0.29479761
0.83081055	-0.29144445
0.83105469	-0.29727251
0.83129883	-0.33413892
0.83154297	-0.35514864
0.83178711	-0.36108769
0.83203125	-0.35543884
0.83227539	-0.31191555
0.83251953	-0.33000201
0.83276367	-0.29785334
0.83300781	-0.23373437
0.83325195	-0.29514304
0.83349609	-0.26521135
0.83374023	-0.25032175
0.83398438	-0.24819613
0.83422852	-0.26654959
0.83447266	-0.30660305
0.83471680	-0.31274484
0.83496094	-0.28587662
0.83520508	-0.28670595
0.83544922	-0.20194727
0.83569336	-0.17886515
0.83593750	-0.18736042
0.83618164	-0.19841402
0.83642578	-0.20401724
0.83666992	-0.18428161
0.83691406	-0.17473523
0.83715820	-0.16384164
0.83740234	-0.17377746
0.83764648	-0.14154664
0.83789062	-0.15845449
0.83813477	-0.22088396
0.83837891	-0.23734187
0.83862305	-0.21590918
0.83886719	-0.20351528
0.83911133	-0.18575638
0.83935547	-0.21691043
0.83959961	-0.21411329
0.83984375	-0.21876568
0.84008789	-0.23620813
0.84033203	-0.23307721
0.84057617	-0.18748165
0.84082031	-0.19267544
0.84106445	-0.18422541
0.84130859	-0.22049117
0.84155273	-0.20942475
0.84179688	-0.22814712
0.84204102	-0.20701239
0.84228516	-0.17753233
0.84252930	-0.15365357
0.84277344	-0.14166284
0.84301758	-0.16825097
0.84326172	-0.16391823
0.84350586	-0.20936115
0.84375000	-0.15272324
0.84399414	-0.13758533
0.84423828	-0.11221900
0.84448242	-0.14376667
0.84472656	-0.11588193
0.84497070	-0.08553897
0.84521484	-0.08051253
0.84545898	-0.10377391
0.84570312	-0.13802168
0.84594727	-0.12990655
0.84619141	-0.12799766
0.84643555	-0.11216336
0.84667969	-0.13075871
0.84692383	-0.14073705
0.84716797	-0.11726106
0.84741211	-0.18335466
0.84765625	-0.15547535
0.84790039	-0.16300059
0.84814453	-0.16209471
0.84838867	-0.16504379
0.84863281	-0.17025083
0.84887695	-0.10049279
0.84912109	-0.13725039
0.84936523	-0.15078162
0.84960938	-0.16335603
0.84985352	-0.18843982
0.85009766	-0.17481577
0.85034180	-0.14916701
0.85058594	-0.16987933
0.85083008	-0.17037215
0.85107422	-0.18361088
0.85131836	-0.19264158
0.85156250	-0.19061434
0.85180664	-0.18106605
0.85205078	-0.16037970
0.85229492	-0.13705927
0.85253906	-0.11267568
0.85278320	-0.14421067
0.85302734	-0.12518117
0.85327148	-0.13718453
0.85351562	-0.12478119
0.85375977	-0.10423044
0.85400391	-0.09783004
0.85424805	-0.13803762
0.85449219	-0.17878188
0.85473633	-0.14409268
0.85498047	-0.15229035
0.85522461	-0.22674465
0.85546875	-0.23722688
0.85571289	-0.25645212
0.85595703	-0.29167457
0.85620117	-0.30844279
0.85644531	-0.29167681
0.85668945	-0.23632241
0.85693359	-0.21566773
0.85717773	-0.20460225
0.85742188	-0.17193280
0.85766602	-0.15509167
0.85791016	-0.08970559
0.85815430	-0.03836458
0.85839844	0.04447787
0.85864258	-0.00772144
0.85888672	-0.02036709
0.85913086	-0.03524214
0.85937500	-0.05401215
0.85961914	-0.03680650
0.85986328	-0.00042945
0.86010742	-0.01040418
0.86035156	-0.02022452
0.86059570	-0.01820343
0.86083984	0.02900631
0.86108398	0.09203153
0.86132812	0.05852112
0.86157227	0.06993877
0.86181641	0.11583495
0.86206055	0.06699103
0.86230469	0.05239887
0.86254883	0.01237957
0.86279297	-0.01025383
0.86303711	-0.03752249
0.86328125	-0.01198733
0.86352539	0.02520843
0.86376953	0.00532501
0.86401367	0.01617395
0.86425781	0.02814156
0.86450195	-0.01218125
0.86474609	0.05488622
0.86499023	0.12713710
0.86523438	0.14730989
0.86547852	0.11318109
0.86572266	0.11168657
0.86596680	0.13242366
0.86621094	0.09811415
0.86645508	0.10217438
0.86669922	0.10084061
0.86694336	0.07642224
0.86718750	0.06403111
0.86743164	0.12147560
0.86767578	0.14520509
0.86791992	0.14298433
0.86816406	0.12638278
0.86840820	0.08176759
0.86865234	0.04488530
0.86889648	0.01427562
0.86914062	-0.00571750
0.86938477	-0.04652241
0.86962891	-0.02212992
0.86987305	-0.02731660
0.87011719	-0.01902649
0.87036133	0.01037570
0.87060547	0.00480456
0.87084961	0.02453380
0.87109375	0.03630892
0.87133789	0.02199327
0.87158203	0.02357766
0.87182617	0.03878513
0.87207031	-0.00864943
0.87231445	-0.00424051
0.87255859	-0.04327718
0.87280273	-0.00203819
0.87304688	-0.02580030
0.87329102	-0.02803340
0.87353516	-0.04675963
0.87377930	-0.02495607
0.87402344	-0.06037162
0.87426758	-0.04330467
0.87451172	-0.01787556
0.87475586	-0.00245587
0.87500000	0.00279852
0.87524414	-0.02318492
0.87548828	-0.00266417
0.87573242	-0.05025677
0.87597656	-0.07128966
0.87622070	-0.10376156
0.87646484	-0.09762014
0.87670898	-0.03441782
0.87695312	-0.06343593
0.87719727	-0.02888022
0.87744141	-0.03730650
0.87768555	-0.02668929
0.87792969	-0.05407352
0.87817383	-0.02089865
0.87841797	-0.03831746
0.87866211	-0.05080763
0.87890625	-0.07650701
0.87915039	-0.09908380
0.87939453	-0.15899514
0.87963867	-0.23407482
0.87988281	-0.20697618
0.88012695	-0.18233642
0.88037109	-0.27483743
0.88061523	-0.23581911
0.88085938	-0.24682939
0.88110352	-0.26617507
0.88134766	-0.27587507
0.88159180	-0.25745599
0.88183594	-0.28796152
0.88208008	-0.27004058
0.88232422	-0.22235524
0.88256836	-0.18929527
0.88281250	-0.19787132
0.88305664	-0.27672229
0.88330078	-0.25231789
0.88354492	-0.25153773
0.88378906	-0.29306713
0.88403320	-0.30876960
0.88427734	-0.28529110
0.88452148	-0.28246398
0.88476562	-0.27317754
0.88500977	-0.29803673
0.88525391	-0.29503777
0.88549805	-0.29010239
0.88574219	-0.26089219
0.88598633	-0.26060937
0.88623047	-0.21747703
0.88647461	-0.20980148
0.88671875	-0.22448342
0.88696289	-0.22011773
0.88720703	-0.18571963
0.88745117	-0.18173549
0.88769531	-0.15048069
0.88793945	-0.17342248
0.88818359	-0.16754189
0.88842773	-0.20895005
0.88867188	-0.17136749
0.88891602	-0.20461629
0.88916016	-0.24830676
0.88940430	-0.19069855
0.88964844	-0.22698015
0.88989258	-0.21968828
0.89013672	-0.20082953
0.89038086	-0.21587378
0.89062500	-0.19973130
0.89086914	-0.22159686
0.89111328	-0.17832037
0.89135742	-0.23146886
0.89160156	-0.22284583
0.89184570	-0.24335876
0.89208984	-0.27162172
0.89233398	-0.30587163
0.89257812	-0.34033706
0.89282227	-0.33034836
0.89306641	-0.37336673
0.89331055	-0.33391924
0.89355469	-0.29204845
0.89379883	-0.31191741
0.89404297	-0.31434903
0.89428711	-0.27152504
0.89453125	-0.28124276
0.89477539	-0.31766268
0.89501953	-0.33361795
0.89526367	-0.33133087
0.89550781	-0.32997607
0.89575195	-0.31917867
0.89599609	-0.34241594
0.89624023	-0.31848535
0.89648438	-0.34388712
0.89672852	-0.32140994
0.89697266	-0.32272047
0.89721680	-0.32034480
0.89746094	-0.34770236
0.89770508	-0.34011770
0.89794922	-0.31719114
0.89819336	-0.33552126
0.89843750	-0.33937362
0.89868164	-0.30896719
0.89892578	-0.28751869
0.89916992	-0.29178021
0.89941406	-0.29676795
0.89965820	-0.28241828
0.89990234	-0.28186463
0.90014648	-0.24783058
0.90039062	-0.22219194
0.90063477	-0.17399905
0.90087891	-0.12665685
0.90112305	-0.12780290
0.90136719	-0.11056152
0.90161133	-0.10393194
0.90185547	-0.07263218
0.90209961	-0.04150178
0.90234375	-0.03136141
0.90258789	-0.01212582
0.90283203	-0.06180169
0.90307617	-0.06331035
0.90332031	-0.10745109
0.90356445	-0.04560377
0.90380859	-0.03748386
0.90405273	0.00382613
0.90429688	-0.03831459
0.90454102	-0.06610119
0.90478516	-0.07936879
0.90502930	-0.09304035
0.90527344	-0.10778630
0.90551758	-0.08384151
0.90576172	-0.09255041
0.90600586	-0.10699331
0.90625000	-0.06592517
0.90649414	-0.09151160
0.90673828	-0.11459093
0.90698242	-0.08275447
0.90722656	-0.08028773
0.90747070	-0.08646083
0.90771484	-0.08516912
0.90795898	-0.11958288
0.90820312	-0.05854576
0.90844727	-0.05246959
0.90869141	-0.04440042
0.90893555	-0.03052727
0.90917969	-0.05864284
0.90942383	-0.04542205
0.90966797	-0.08234440
0.90991211	-0.09603388
0.91015625	-0.06515630
0.91040039	-0.01660581
0.91064453	-0.06044096
0.91088867	-0.05040363
0.91113281	-0.00888003
0.91137695	-0.00033530
0.91162109	-0.01036507
0.91186523	-0.00835992
0.91210938	-0.04440425
0.91235352	-0.06542621
0.91259766	-0.08267093
0.91284180	-0.09103624
0.91308594	-0.04944574
0.91333008	-0.03174522
0.91357422	-0.05551500
0.91381836	-0.03098882
0.91406250	-0.03155226
0.91430664	-0.06289290
0.91455078	-0.04924627
0.91479492	-0.10155014
0.91503906	-0.05811504
0.91528320	-0.07291985
0.91552734	-0.07770153
0.91577148	-0.07792558
0.91601562	-0.06731733
0.91625977	-0.09398199
0.91650391	-0.11736798
0.91674805	-0.08563889
0.91699219	-0.15310828
0.91723633	-0.12606799
0.91748047	-0.10006969
0.91772461	-0.06609823
0.91796875	-0.06567631
0.91821289	-0.05253326
0.91845703	-0.08912225
0.91870117	-0.12846491
0.91894531	-0.12259528
0.91918945	-0.11349561
0.91943359	-0.09637195
0.91967773	-0.12226399
0.91992188	-0.11337772
0.92016602	-0.13775074
0.92041016	-0.14659679
0.92065430	-0.16104027
0.92089844	-0.15573449
0.92114258	-0.10943439
0.92138672	-0.09000903
0.92163086	-0.11663792
0.92187500	-0.07916072
0.92211914	-0.02339077
0.92236328	-0.05097617
0.92260742	-0.05413195
0.92285156	-0.04417447
0.92309570	-0.08795408
0.92333984	-0.07377934
0.92358398	-0.01771038
0.92382812	0.00198430
0.92407227	-0.00782860
0.92431641	0.03088625
0.92456055	0.02739647
0.92480469	0.05337480
0.92504883	0.06678338
0.92529297	0.09552256
0.92553711	0.10402786
0.92578125	0.03486020
0.92602539	0.04146997
0.92626953	0.03838646
0.92651367	0.03288016
0.92675781	0.00592940
0.92700195	0.02852824
0.92724609	0.02256955
0.92749023	0.03878622
0.92773438	0.03146255
0.92797852	0.07547496
0.92822266	0.07940741
0.92846680	0.04648029
0.92871094	0.06736364
0.92895508	0.06516598
0.92919922	0.04383437
0.92944336	0.07173021
0.92968750	0.08726003
0.92993164	0.10005237
0.93017578	0.11551654
0.93041992	0.09361120
0.93066406	0.06664333
0.93090820	0.04899191
0.93115234	0.05387278
0.93139648	0.04468959
0.93164062	0.00205279
0.93188477	-0.00932140
0.93212891	-0.03585950
0.93237305	-0.04617928
0.93261719	-0.08553799
0.93286133	-0.11940475
0.93310547	-0.06094152
0.93334961	-0.10843116
0.93359375	-0.12587338
0.93383789	-0.15547944
0.93408203	-0.19501278
0.93432617	-0.15862939
0.93457031	-0.08384157
0.93481445	-0.10727316
0.93505859	-0.11074687
0.93530273	-0.09824517
0.93554688	-0.09178409
0.93579102	-0.12380459
0.93603516	-0.12303314
0.93627930	-0.09235708
0.93652344	-0.12665847
0.93676758	-0.12836770
0.93701172	-0.15128214
0.93725586	-0.12915191
0.93750000	-0.14722809
0.93774414	-0.14898884
0.93798828	-0.11821642
0.93823242	-0.12769591
0.93847656	-0.13841368
0.93872070	-0.13560732
0.93896484	-0.13468436
0.93920898	-0.12951124
0.93945312	-0.08405013
0.93969727	-0.14154000
0.93994141	-0.12482292
0.94018555	-0.09091237
0.94042969	-0.04519012
0.94067383	-0.04209338
0.94091797	-0.03181810
0.94116211	-0.00494544
0.94140625	-0.06436821
0.94165039	-0.07829961
0.94189453	-0.10284949
0.94213867	-0.05442445
0.94238281	-0.05604554
0.94262695	-0.02560702
0.94287109	0.02726277
0.94311523	-0.00036971
0.94335938	-0.00983055
0.94360352	0.01922627
0.94384766	0.02505343
0.94409180	0.04412373
0.94433594	0.02018825
0.94458008	0.06580360
0.94482422	0.07336084
0.94506836	0.05499880
0.94531250	0.03077954
0.94555664	-0.00617132
0.94580078	-0.02683641
0.94604492	-0.04488000
0.94628906	-0.07312317
0.94653320	-0.12217387
0.94677734	-0.13588238
0.94702148	-0.11037809
0.94726562	-0.11868407
0.94750977	-0.18141895
0.94775391	-0.16023103
0.94799805	-0.16731902
0.94824219	-0.15085685
0.94848633	-0.10094671
0.94873047	-0.15310835
0.94897461	-0.16317358
0.94921875	-0.13150990
0.94946289	-0.11065539
0.94970703	-0.12814847
0.94995117	-0.11130336
0.95019531	-0.11987926
0.95043945	-0.14460727
0.95068359	-0.16329139
0.95092773	-0.18404110
0.95117188	-0.17774626
0.95141602	-0.21255733
0.95166016	-0.20320963
0.95190430	-0.26204955
0.95214844	-0.29184049
0.95239258	-0.33331415
0.95263672	-0.34279997
0.95288086	-0.40131384
0.95312500	-0.44204918
0.95336914	-0.44986150
0.95361328	-0.46144640
0.95385742	-0.50265953
0.95410156	-0.50680392
0.95434570	-0.48758762
0.95458984	-0.47268997
0.95483398	-0.47038217
0.95507812	-0.44693900
0.95532227	-0.44185493
0.95556641	-0.46015183
0.95581055	-0.44391476
0.95605469	-0.42784875
0.95629883	-0.45456393
0.95654297	-0.39685241
0.95678711	-0.38839025
0.95703125	-0.38415733
0.95727539	-0.35368712
0.95751953	-0.36851409
0.95776367	-0.38652965
0.95800781	-0.36813445
0.95825195	-0.41686909
0.95849609	-0.41646052
0.95874023	-0.42169458
0.95898438	-0.47700028
0.95922852	-0.50733465
0.95947266	-0.45669780
0.95971680	-0.44961954
0.95996094	-0.39638877
0.96020508	-0.39415612
0.96044922	-0.41184833
0.96069336	-0.42472920
0.96093750	-0.43061233
0.96118164	-0.43981548
0.96142578	-0.44707779
0.96166992	-0.41929094
0.96191406	-0.44692316
0.96215820	-0.44945114
0.96240234	-0.43751076
0.96264648	-0.42935224
0.96289062	-0.39402093
0.96313477	-0.35359969
0.96337891	-0.26972446
0.96362305	-0.27558563
0.96386719	-0.32945163
0.96411133	-0.36252725
0.96435547	-0.33550975
0.96459961	-0.34886851
0.96484375	-0.34754650
0.96508789	-0.33659497
0.96533203	-0.33650173
0.96557617	-0.33445813
0.96582031	-0.35736640
0.96606445	-0.35319371
0.96630859	-0.30184658
0.96655273	-0.31984506
0.96679688	-0.28337879
0.96704102	-0.30285526
0.96728516	-0.33796668
0.96752930	-0.34069465
0.96777344	-0.30865824
0.96801758	-0.32099189
0.96826172	-0.31362161
0.96850586	-0.34468563
0.96875000	-0.32430218
0.96899414	-0.29838248
0.96923828	-0.24749094
0.96948242	-0.22759384
0.96972656	-0.23579178
0.96997070	-0.21951080
0.97021484	-0.25114507
0.97045898	-0.26654001
0.97070312	-0.27305023
0.97094727	-0.27950184
0.97119141	-0.27213179
0.97143555	-0.24127092
0.97167969	-0.22546137
0.97192383	-0.22984992
0.97216797	-0.25590870
0.97241211	-0.23597549
0.97265625	-0.24414061
0.97290039	-0.22928108
0.97314453	-0.24693786
0.97338867	-0.22918793
0.97363281	-0.23043389
0.97387695	-0.24024885
0.97412109	-0.25593662
0.97436523	-0.30991833
0.97460938	-0.25182843
0.97485352	-0.21331418
0.97509766	-0.18439942
0.97534180	-0.17643418
0.97558594	-0.22248976
0.97583008	-0.23944043
0.97607422	-0.25406583
0.97631836	-0.25532885
0.97656250	-0.24798311
0.97680664	-0.25614506
0.97705078	-0.26427392
0.97729492	-0.25008662
0.97753906	-0.23776945
0.97778320	-0.22377156
0.97802734	-0.19634246
0.97827148	-0.13977934
0.97851562	-0.11476825
0.97875977	-0.12152444
0.97900391	-0.13179976
0.97924805	-0.15803665
0.97949219	-0.16970641
0.97973633	-0.15566989
0.97998047	-0.16977942
0.98022461	-0.23963709
0.98046875	-0.32432907
0.98071289	-0.30423136
0.98095703	-0.26514169
0.98120117	-0.23036662
0.98144531	-0.18667991
0.98168945	-0.15938268
0.98193359	-0.14998665
0.98217773	-0.17306062
0.98242188	-0.19507784
0.98266602	-0.21841308
0.98291016	-0.21703887
0.98315430	-0.21199478
0.98339844	-0.18440961
0.98364258	-0.16888736
0.98388672	-0.14018431
0.98413086	-0.15281952
0.98437500	-0.15868858
0.98461914	-0.12198209
0.98486328	-0.14172065
0.98510742	-0.15452259
0.98535156	-0.13132202
0.98559570	-0.15535892
0.98583984	-0.13767675
0.98608398	-0.13177978
0.98632812	-0.15073596
0.98657227	-0.13999570
0.98681641	-0.13017029
0.98706055	-0.11979390
0.98730469	-0.08773413
0.98754883	-0.13101906
0.98779297	-0.17434804
0.98803711	-0.14698783
0.98828125	-0.18024407
0.98852539	-0.14834377
0.98876953	-0.16050822
0.98901367	-0.10918819
0.98925781	-0.09847063
0.98950195	-0.08744842
0.98974609	-0.12419978
0.98999023	-0.11833850
0.99023438	-0.18662948
0.99047852	-0.23685454
0.99072266	-0.22535592
0.99096680	-0.22290848
0.99121094	-0.24295669
0.99145508	-0.25551411
0.99169922	-0.25575202
0.99194336	-0.27735459
0.99218750	-0.29718368
0.99243164	-0.34506616
0.99267578	-0.28218400
0.99291992	-0.32626059
0.99316406	-0.28457772
0.99340820	-0.28144623
0.99365234	-0.22756217
0.99389648	-0.27106022
0.99414062	-0.29557409
0.99438477	-0.28743627
0.99462891	-0.31491227
0.99487305	-0.29855268
0.99511719	-0.26485269
0.99536133	-0.25227397
0.99560547	-0.28729333
0.99584961	-0.27258053
0.99609375	-0.25060405
0.99633789	-0.24412476
0.99658203	-0.26728981
0.99682617	-0.28654758
0.99707031	-0.23925461
0.99731445	-0.29518995
0.99755859	-0.23929802
0.99780273	-0.23629890
0.99804688	-0.20872855
0.99829102	-0.21507120
0.99853516	-0.20860920
0.99877930	-0.23837749
0.99902344	-0.30483403
0.99926758	-0.32001115
0.99951172	-0.30461118
0.99975586	-0.28898626
1.00000000	-0.27813746
